5,1,9,1
3,3,9,2
4,4,9,3
6,16,9,4
5,2,10,1
6,15,10,2
4,5,10,3
6,8,10,4
7,2,11,1
3,5,11,2
5,8,11,3
6,10,11,4
5,3,12,1
7,4,12,2
4,3,12,3
6,14,12,4
6,1,13,1
5,7,13,2
3,4,13,3
7,3,13,4
6,4,14,1
4,2,14,2
6,13,14,3
3,7,14,4
6,5,15,1
3,2,15,2
4,1,15,3
4,8,15,4
6,6,16,1
3,10,16,2
4,6,16,3
7,5,16,4
6,2,17,1
3,1,17,2
5,5,17,3
6,9,17,4
7,1,18,1
3,6,18,2
6,11,18,3
4,7,18,4
6,3,19,1
5,6,19,2
3,9,19,3
7,6,19,4
6,12,20,1
6,7,20,2
3,8,20,3
5,4,20,4
9,3,22,1
10,3,22,2
11,3,22,3
12,3,22,4
13,3,22,5
14,3,22,6
15,3,22,7
16,3,22,8
17,3,22,9
18,3,22,10
19,3,22,11
20,3,22,12
22,1,24,1
22,2,24,2
22,3,24,3
22,4,24,4
22,5,24,5
22,6,24,6
22,7,24,7
22,8,24,8
13,1,26,1
24,0,26,2
17,1,27,1
24,0,27,2
9,2,28,1
10,2,28,2
14,1,29,1
11,2,29,2
19,2,30,1
20,2,30,2
16,1,31,1
18,2,31,2
12,1,32,1
24,0,32,2
15,1,33,1
24,0,33,2
11,1,34,1
14,2,34,2
13,2,35,1
17,2,35,2
9,1,36,1
24,0,36,2
20,1,37,1
24,0,37,2
18,1,38,1
16,2,38,2
12,2,39,1
15,2,39,2
10,1,40,1
24,0,40,2
19,1,41,1
24,0,41,2
26,1,43,1
27,1,43,2
28,1,44,1
29,1,44,2
30,1,45,1
31,1,45,2
32,1,46,1
33,1,46,2
34,1,47,1
35,1,47,2
36,1,48,1
37,1,48,2
38,1,49,1
39,1,49,2
40,1,50,1
41,1,50,2
43,1,52,1
44,1,52,2
45,1,53,1
46,1,53,2
47,1,54,1
48,1,54,2
49,1,55,1
50,1,55,2
52,1,57,1
53,1,57,2
54,1,58,1
55,1,58,2
57,2,60,1
58,2,60,2
57,1,62,1
58,1,62,2
65,1,70,1
65,18,70,2
66,1,70,3
65,26,70,4
65,2,71,1
67,1,71,2
68,4,71,3
65,22,71,4
65,3,72,1
65,14,72,2
68,2,72,3
65,25,72,4
65,4,73,1
65,15,73,2
68,3,73,3
65,21,73,4
65,5,74,1
68,1,74,2
65,19,74,3
65,9,74,4
65,6,75,1
65,16,75,2
65,23,75,3
65,10,75,4
65,7,76,1
65,13,76,2
65,20,76,3
65,11,76,4
65,8,77,1
65,17,77,2
65,24,77,3
65,12,77,4
70,1,79,1
77,2,79,2
71,1,80,1
76,2,80,2
72,1,81,1
75,2,81,2
73,1,82,1
74,2,82,2
74,1,83,1
73,2,83,2
75,1,84,1
72,2,84,2
76,1,85,1
71,2,85,2
77,1,86,1
70,2,86,2
79,1,88,1
80,1,88,2
81,1,89,1
82,1,89,2
83,1,90,1
84,1,90,2
85,1,91,1
86,1,91,2
88,1,93,1
89,1,93,2
90,1,94,1
91,1,94,2
93,2,96,1
94,2,96,2
93,1,98,1
94,1,98,2
105,1,108,1
106,1,108,2
102,1,110,1
103,1,110,2
104,1,111,1
108,1,111,2
110,1,113,1
111,1,113,2
101,1,115,1
113,1,115,2
119,0,123,1
120,0,123,2
120,0,123,3
120,0,123,4
121,0,123,5
121,0,123,6
119,0,124,1
119,0,124,2
119,0,124,3
119,0,124,4
119,0,124,5
120,0,125,1
120,0,125,2
120,0,125,3
120,0,125,4
120,0,125,5
120,0,125,6
120,0,125,7
120,0,125,8
121,0,125,9
121,0,125,10
121,0,125,11
121,0,125,12
121,0,125,13
121,0,125,14
121,0,125,15
121,0,125,16
121,0,125,17
121,0,125,18
121,0,125,19
121,0,125,20
121,0,125,21
125,0,127,1
125,0,127,2
125,0,127,3
125,0,127,4
125,0,127,5
125,0,127,6
125,0,127,7
125,0,127,8
125,0,127,9
123,1,129,1
123,2,129,2
123,3,129,3
123,4,129,4
123,5,129,5
123,6,129,6
134,0,137,1
135,0,137,2
134,0,138,1
135,0,138,2
134,0,139,1
135,0,139,2
134,0,140,1
135,0,140,2
134,0,141,1
135,0,141,2
134,0,142,1
135,0,142,2
134,0,143,1
135,0,143,2
134,0,144,1
135,0,144,2
132,0,146,1
132,0,146,2
133,0,146,3
137,1,146,4
132,0,147,1
133,0,147,2
133,0,147,3
138,1,147,4
132,0,148,1
132,0,148,2
133,0,148,3
139,1,148,4
132,0,149,1
133,0,149,2
133,0,149,3
140,1,149,4
132,0,150,1
133,0,150,2
141,1,150,3
142,1,150,4
132,0,151,1
133,0,151,2
143,1,151,3
144,1,151,4
146,3,153,1
147,3,153,2
148,3,153,3
149,3,153,4
150,3,153,5
151,3,153,6
146,1,155,1
153,4,155,2
147,1,156,1
153,3,156,2
148,1,157,1
153,2,157,2
149,1,158,1
153,1,158,2
150,1,159,1
146,2,159,2
151,1,160,1
147,2,160,2
148,2,161,1
149,2,161,2
150,2,162,1
151,2,162,2
155,1,164,1
162,1,164,2
156,1,165,1
161,1,165,2
157,1,166,1
160,1,166,2
158,1,167,1
159,1,167,2
164,1,169,1
165,1,169,2
166,1,170,1
167,1,170,2
169,2,172,1
170,2,172,2
169,1,174,1
170,1,174,2
177,0,181,1
177,0,181,2
178,0,181,3
178,0,181,4
178,0,181,5
179,0,181,6
179,0,181,7
179,0,181,8
177,0,182,1
178,0,182,2
178,0,182,3
179,0,182,4
179,0,182,5
179,0,182,6
179,0,182,7
179,0,182,8
177,0,183,1
177,0,183,2
178,0,183,3
178,0,183,4
178,0,183,5
179,0,183,6
179,0,183,7
179,0,183,8
177,0,184,1
178,0,184,2
178,0,184,3
178,0,184,4
179,0,184,5
179,0,184,6
179,0,184,7
179,0,184,8
181,1,186,1
184,1,186,2
182,1,187,1
183,1,187,2
186,2,189,1
187,2,189,2
186,1,191,1
187,1,191,2
200,1,218,1
198,3,218,2
212,2,218,3
204,1,218,4
197,1,218,5
198,2,218,6
203,2,218,7
199,2,218,8
201,1,218,9
202,2,218,10
212,1,218,11
204,2,218,12
205,1,218,13
201,3,218,14
206,1,218,15
213,1,218,16
203,1,218,17
202,3,218,18
201,2,218,19
207,1,218,20
199,1,218,21
200,2,218,22
209,1,218,23
211,1,218,24
198,1,218,25
200,3,218,26
199,3,218,27
210,1,218,28
202,1,218,29
205,2,218,30
208,1,218,31
214,1,218,32
207,2,218,33
209,2,218,34
208,2,218,35
214,2,218,36
218,24,220,1
218,9,220,2
218,23,221,1
218,10,221,2
218,22,222,1
218,11,222,2
218,21,223,1
218,12,223,2
218,20,224,1
218,13,224,2
218,19,225,1
218,14,225,2
218,18,226,1
218,15,226,2
218,17,227,1
218,16,227,2
220,1,229,1
218,1,229,2
221,1,230,1
218,2,230,2
222,1,231,1
218,3,231,2
223,1,232,1
218,4,232,2
224,1,233,1
218,5,233,2
225,1,234,1
218,6,234,2
226,1,235,1
218,7,235,2
227,1,236,1
218,8,236,2
229,1,238,1
230,1,238,2
231,1,239,1
232,1,239,2
233,1,240,1
234,1,240,2
235,1,241,1
236,1,241,2
238,1,243,1
239,1,243,2
240,1,244,1
241,1,244,2
243,1,246,1
244,1,246,2
197,2,251,1
203,3,251,2
200,4,251,3
207,3,251,4
199,4,251,5
213,2,251,6
215,6,251,7
205,3,251,8
215,1,251,9
215,5,251,10
211,2,251,11
206,2,251,12
216,1,251,13
215,2,251,14
210,2,251,15
215,3,251,16
202,4,251,17
208,3,251,18
215,4,251,19
212,3,251,20
201,4,251,21
204,3,251,22
214,3,251,23
216,3,251,24
204,4,251,25
211,3,251,26
198,4,251,27
215,7,251,28
213,3,251,29
210,3,251,30
206,3,251,31
203,4,251,32
209,3,251,33
216,5,251,34
216,7,251,35
216,9,251,36
251,24,253,1
251,9,253,2
251,23,254,1
251,10,254,2
251,22,255,1
251,11,255,2
251,21,256,1
251,12,256,2
251,20,257,1
251,13,257,2
251,19,258,1
251,14,258,2
251,18,259,1
251,15,259,2
251,17,260,1
251,16,260,2
253,1,262,1
251,1,262,2
254,1,263,1
251,2,263,2
255,1,264,1
251,3,264,2
256,1,265,1
251,4,265,2
257,1,266,1
251,5,266,2
258,1,267,1
251,6,267,2
259,1,268,1
251,7,268,2
260,1,269,1
251,8,269,2
262,1,271,1
263,1,271,2
264,1,272,1
265,1,272,2
266,1,273,1
267,1,273,2
268,1,274,1
269,1,274,2
271,1,276,1
272,1,276,2
273,1,277,1
274,1,277,2
276,1,279,1
277,1,279,2
204,5,284,1
213,4,284,2
207,4,284,3
216,2,284,4
216,4,284,5
216,6,284,6
201,5,284,7
199,5,284,8
200,5,284,9
210,4,284,10
203,5,284,11
214,4,284,12
211,4,284,13
216,8,284,14
216,10,284,15
206,4,284,16
205,4,284,17
209,4,284,18
205,5,284,19
202,5,284,20
212,4,284,21
198,5,284,22
208,4,284,23
216,11,284,24
214,5,284,25
213,5,284,26
212,5,284,27
211,5,284,28
210,5,284,29
209,5,284,30
208,5,284,31
207,5,284,32
206,5,284,33
216,12,284,34
216,13,284,35
216,14,284,36
284,24,286,1
284,9,286,2
284,23,287,1
284,10,287,2
284,22,288,1
284,11,288,2
284,21,289,1
284,12,289,2
284,20,290,1
284,13,290,2
284,19,291,1
284,14,291,2
284,18,292,1
284,15,292,2
284,17,293,1
284,16,293,2
286,1,295,1
284,1,295,2
287,1,296,1
284,2,296,2
288,1,297,1
284,3,297,2
289,1,298,1
284,4,298,2
290,1,299,1
284,5,299,2
291,1,300,1
284,6,300,2
292,1,301,1
284,7,301,2
293,1,302,1
284,8,302,2
295,1,304,1
296,1,304,2
297,1,305,1
298,1,305,2
299,1,306,1
300,1,306,2
301,1,307,1
302,1,307,2
304,1,309,1
305,1,309,2
306,1,310,1
307,1,310,2
309,1,312,1
310,1,312,2
316,1,318,1
316,2,318,2
316,3,318,3
316,4,318,4
316,5,318,5
316,6,318,6
340,1,342,1
340,2,342,2
340,3,342,3
340,4,342,4
340,5,342,5
340,6,342,6
340,7,342,7
340,8,342,8
340,9,342,9
340,10,342,10
340,11,342,11
340,12,342,12
340,13,342,13
340,14,342,14
340,15,342,15
340,16,342,16
340,17,342,17
340,18,342,18
340,19,342,19
340,20,342,20
340,21,342,21
340,22,342,22
340,23,342,23
340,24,342,24
340,25,342,25
340,26,342,26
340,27,342,27
340,28,342,28
340,29,342,29
340,30,342,30
340,31,342,31
340,32,342,32
340,33,342,33
340,34,342,34
340,35,342,35
340,36,342,36
340,37,342,37
340,38,342,38
340,39,342,39
340,40,342,40
340,41,342,41
340,42,342,42
340,43,342,43
340,44,342,44
340,45,342,45
340,46,342,46
340,47,342,47
340,48,342,48
342,1,344,1
342,2,344,2
342,3,345,1
342,4,345,2
342,5,346,1
342,6,346,2
342,7,347,1
342,8,347,2
342,9,348,1
342,10,348,2
342,11,349,1
342,12,349,2
342,13,350,1
342,14,350,2
342,15,351,1
342,16,351,2
342,17,352,1
342,18,352,2
342,19,353,1
342,20,353,2
342,21,354,1
342,22,354,2
342,23,355,1
342,24,355,2
342,25,356,1
342,26,356,2
342,27,357,1
342,28,357,2
342,29,358,1
342,30,358,2
342,31,359,1
342,32,359,2
342,33,361,1
344,1,361,2
342,34,362,1
345,1,362,2
342,35,363,1
346,1,363,2
342,36,364,1
347,1,364,2
342,37,365,1
348,1,365,2
342,38,366,1
349,1,366,2
342,39,367,1
350,1,367,2
342,40,368,1
351,1,368,2
342,41,369,1
352,1,369,2
342,42,370,1
353,1,370,2
342,43,371,1
354,1,371,2
342,44,372,1
355,1,372,2
342,45,373,1
356,1,373,2
342,46,374,1
357,1,374,2
342,47,375,1
358,1,375,2
342,48,376,1
359,1,376,2
361,1,378,25
362,1,378,26
363,1,378,27
364,1,378,28
365,1,378,29
366,1,378,30
367,1,378,31
368,1,378,32
369,1,378,33
370,1,378,34
371,1,378,35
372,1,378,36
373,1,378,37
374,1,378,38
375,1,378,39
376,1,378,40
378,1,380,1
378,2,380,2
378,3,381,1
378,4,381,2
378,5,382,1
378,6,382,2
378,7,383,1
378,8,383,2
378,9,384,1
378,10,384,2
378,11,385,1
378,12,385,2
378,13,386,1
378,14,386,2
378,15,387,1
378,16,387,2
378,17,388,1
378,18,388,2
378,19,389,1
378,20,389,2
378,21,390,1
378,22,390,2
378,23,391,1
378,24,391,2
378,25,392,1
378,26,392,2
378,27,393,1
378,28,393,2
378,29,394,1
378,30,394,2
378,31,395,1
378,32,395,2
378,33,396,1
378,34,396,2
378,35,397,1
378,36,397,2
378,37,398,1
378,38,398,2
378,39,399,1
378,40,399,2
380,1,401,45
381,1,401,46
382,1,401,47
383,1,401,48
384,1,401,49
385,1,401,50
386,1,401,51
387,1,401,52
388,1,401,53
389,1,401,54
390,1,401,55
391,1,401,56
392,1,401,57
393,1,401,58
394,1,401,59
395,1,401,60
396,1,401,61
397,1,401,62
398,1,401,63
399,1,401,64
401,1,403,1
401,2,403,2
401,3,404,1
401,4,404,2
401,5,405,1
401,6,405,2
401,7,406,1
401,8,406,2
401,9,407,1
401,10,407,2
401,11,408,1
401,12,408,2
401,13,409,1
401,14,409,2
401,15,410,1
401,16,410,2
401,17,411,1
401,18,411,2
401,19,412,1
401,20,412,2
401,21,413,1
401,22,413,2
401,23,414,1
401,24,414,2
401,25,415,1
401,26,415,2
401,27,416,1
401,28,416,2
401,29,417,1
401,30,417,2
401,31,418,1
401,32,418,2
401,33,419,1
401,34,419,2
401,35,420,1
401,36,420,2
401,37,421,1
401,38,421,2
401,39,422,1
401,40,422,2
401,41,423,1
401,42,423,2
401,43,424,1
401,44,424,2
401,45,425,1
401,46,425,2
401,47,426,1
401,48,426,2
401,49,427,1
401,50,427,2
401,51,428,1
401,52,428,2
401,53,429,1
401,54,429,2
401,55,430,1
401,56,430,2
401,57,431,1
401,58,431,2
401,59,432,1
401,60,432,2
401,61,433,1
401,62,433,2
401,63,434,1
401,64,434,2
403,1,436,1
404,1,436,2
405,1,436,3
406,1,436,4
407,1,436,5
408,1,436,6
409,1,436,7
410,1,436,8
411,1,436,9
412,1,436,10
413,1,436,11
414,1,436,12
415,1,436,13
416,1,436,14
417,1,436,15
418,1,436,16
419,1,436,17
420,1,436,18
421,1,436,19
422,1,436,20
423,1,436,21
424,1,436,22
425,1,436,23
426,1,436,24
427,1,436,25
428,1,436,26
429,1,436,27
430,1,436,28
431,1,436,29
432,1,436,30
433,1,436,31
434,1,436,32
436,1,438,1
436,2,438,2
436,3,439,1
436,4,439,2
436,5,440,1
436,6,440,2
436,7,441,1
436,8,441,2
436,9,442,1
436,10,442,2
436,11,443,1
436,12,443,2
436,13,444,1
436,14,444,2
436,15,445,1
436,16,445,2
436,17,446,1
436,18,446,2
436,19,447,1
436,20,447,2
436,21,448,1
436,22,448,2
436,23,449,1
436,24,449,2
436,25,450,1
436,26,450,2
436,27,451,1
436,28,451,2
436,29,452,1
436,30,452,2
436,31,453,1
436,32,453,2
438,1,455,1
439,1,455,2
440,1,455,3
441,1,455,4
442,1,455,5
443,1,455,6
444,1,455,7
445,1,455,8
446,1,455,9
447,1,455,10
448,1,455,11
449,1,455,12
450,1,455,13
451,1,455,14
452,1,455,15
453,1,455,16
455,1,457,1
455,2,457,2
455,3,458,1
455,4,458,2
455,5,459,1
455,6,459,2
455,7,460,1
455,8,460,2
455,9,461,1
455,10,461,2
455,11,462,1
455,12,462,2
455,13,463,1
455,14,463,2
455,15,464,1
455,16,464,2
457,1,466,1
458,1,466,2
459,1,466,3
460,1,466,4
461,1,466,5
462,1,466,6
463,1,466,7
464,1,466,8
466,1,468,1
466,2,468,2
466,3,469,1
466,4,469,2
466,5,470,1
466,6,470,2
466,7,471,1
466,8,471,2
468,1,473,1
469,1,473,2
470,1,473,3
471,1,473,4
473,1,475,1
473,2,475,2
473,3,476,1
473,4,476,2
475,1,478,1
476,1,478,2
481,1,484,1
481,2,484,2
481,3,484,3
481,4,484,4
481,5,484,5
481,6,484,6
481,7,484,7
481,8,484,8
481,9,484,9
481,10,484,10
481,11,484,11
481,12,484,12
481,13,484,13
481,14,484,14
481,15,484,15
481,16,484,16
481,17,484,17
481,18,484,18
481,19,484,19
481,20,484,20
481,21,484,21
481,22,484,22
481,23,484,23
481,24,484,24
481,25,484,25
481,26,484,26
481,27,484,27
481,28,484,28
481,29,484,29
481,30,484,30
481,31,484,31
481,32,484,32
481,33,484,33
481,34,484,34
481,35,484,35
481,36,484,36
481,37,484,37
481,38,484,38
481,39,484,39
481,40,484,40
481,41,484,41
481,42,484,42
481,43,484,43
481,44,484,44
481,45,484,45
481,46,484,46
481,47,484,47
481,48,484,48
481,49,484,49
481,50,484,50
481,51,484,51
481,52,484,52
481,53,484,53
481,54,484,54
481,55,484,55
481,56,484,56
481,57,484,57
481,58,484,58
481,59,484,59
481,60,484,60
481,61,484,61
481,62,484,62
481,63,484,63
481,64,484,64
481,65,484,65
481,66,484,66
481,67,484,67
481,68,484,68
481,69,484,69
481,70,484,70
481,71,484,71
481,72,484,72
484,1,486,1
484,2,486,2
484,3,487,1
484,4,487,2
484,5,488,1
484,6,488,2
484,7,489,1
484,8,489,2
484,9,490,1
484,10,490,2
484,11,491,1
484,12,491,2
484,13,492,1
484,14,492,2
484,15,493,1
484,16,493,2
484,17,494,1
484,18,494,2
484,19,495,1
484,20,495,2
484,21,496,1
484,22,496,2
484,23,497,1
484,24,497,2
484,25,498,1
484,26,498,2
484,27,499,1
484,28,499,2
484,29,500,1
484,30,500,2
484,31,501,1
484,32,501,2
484,33,502,1
484,34,502,2
484,35,503,1
484,36,503,2
484,37,504,1
484,38,504,2
484,39,505,1
484,40,505,2
484,41,506,1
484,42,506,2
484,43,507,1
484,44,507,2
484,45,508,1
484,46,508,2
484,47,509,1
484,48,509,2
484,49,510,1
484,50,510,2
484,51,511,1
484,52,511,2
484,53,512,1
484,54,512,2
484,55,513,1
484,56,513,2
484,57,514,1
484,58,514,2
484,59,515,1
484,60,515,2
484,61,516,1
484,62,516,2
484,63,517,1
484,64,517,2
484,65,518,1
484,66,518,2
484,67,519,1
484,68,519,2
484,69,520,1
484,70,520,2
484,71,521,1
484,72,521,2
482,9,523,1
482,10,523,2
482,11,523,3
482,12,523,4
482,13,523,5
482,14,523,6
482,15,523,7
482,16,523,8
482,17,523,9
482,18,523,10
482,19,523,11
482,20,523,12
486,1,523,13
487,1,523,14
488,1,523,15
489,1,523,16
490,1,523,17
491,1,523,18
492,1,523,19
493,1,523,20
494,1,523,21
495,1,523,22
496,1,523,23
497,1,523,24
498,1,523,25
499,1,523,26
500,1,523,27
501,1,523,28
502,1,523,29
503,1,523,30
504,1,523,31
505,1,523,32
506,1,523,33
507,1,523,34
508,1,523,35
509,1,523,36
510,1,523,37
511,1,523,38
512,1,523,39
513,1,523,40
514,1,523,41
515,1,523,42
516,1,523,43
517,1,523,44
518,1,523,45
519,1,523,46
520,1,523,47
521,1,523,48
523,1,525,1
523,2,525,2
523,3,526,1
523,4,526,2
523,5,527,1
523,6,527,2
523,7,528,1
523,8,528,2
523,9,529,1
523,10,529,2
523,11,530,1
523,12,530,2
523,13,531,1
523,14,531,2
523,15,532,1
523,16,532,2
523,17,533,1
523,18,533,2
523,19,534,1
523,20,534,2
523,21,535,1
523,22,535,2
523,23,536,1
523,24,536,2
523,25,537,1
523,26,537,2
523,27,538,1
523,28,538,2
523,29,539,1
523,30,539,2
523,31,540,1
523,32,540,2
523,33,541,1
523,34,541,2
523,35,542,1
523,36,542,2
523,37,543,1
523,38,543,2
523,39,544,1
523,40,544,2
523,41,545,1
523,42,545,2
523,43,546,1
523,44,546,2
523,45,547,1
523,46,547,2
523,47,548,1
523,48,548,2
482,1,550,1
482,2,550,2
482,3,550,3
482,4,550,4
482,5,550,5
482,6,550,6
482,7,550,7
482,8,550,8
525,1,550,9
526,1,550,10
527,1,550,11
528,1,550,12
529,1,550,13
530,1,550,14
531,1,550,15
532,1,550,16
533,1,550,17
534,1,550,18
535,1,550,19
536,1,550,20
537,1,550,21
538,1,550,22
539,1,550,23
540,1,550,24
541,1,550,25
542,1,550,26
543,1,550,27
544,1,550,28
545,1,550,29
546,1,550,30
547,1,550,31
548,1,550,32
550,1,552,1
550,2,552,2
550,3,553,1
550,4,553,2
550,5,554,1
550,6,554,2
550,7,555,1
550,8,555,2
550,9,556,1
550,10,556,2
550,11,557,1
550,12,557,2
550,13,558,1
550,14,558,2
550,15,559,1
550,16,559,2
550,17,560,1
550,18,560,2
550,19,561,1
550,20,561,2
550,21,562,1
550,22,562,2
550,23,563,1
550,24,563,2
550,25,564,1
550,26,564,2
550,27,565,1
550,28,565,2
550,29,566,1
550,30,566,2
550,31,567,1
550,32,567,2
552,1,569,1
553,1,569,2
554,1,569,3
555,1,569,4
556,1,569,5
557,1,569,6
558,1,569,7
559,1,569,8
560,1,569,9
561,1,569,10
562,1,569,11
563,1,569,12
564,1,569,13
565,1,569,14
566,1,569,15
567,1,569,16
569,1,571,1
569,2,571,2
569,3,572,1
569,4,572,2
569,5,573,1
569,6,573,2
569,7,574,1
569,8,574,2
569,9,575,1
569,10,575,2
569,11,576,1
569,12,576,2
569,13,577,1
569,14,577,2
569,15,578,1
569,16,578,2
571,1,580,1
572,1,580,2
573,1,580,3
574,1,580,4
575,1,580,5
576,1,580,6
577,1,580,7
578,1,580,8
580,1,582,1
580,2,582,2
580,3,583,1
580,4,583,2
580,5,584,1
580,6,584,2
580,7,585,1
580,8,585,2
582,1,587,1
583,1,587,2
584,1,587,3
585,1,587,4
587,1,589,1
587,2,589,2
587,3,590,1
587,4,590,2
589,1,592,1
590,1,592,2
608,12,611,1
608,13,611,2
608,14,611,3
608,15,611,4
608,16,611,5
608,17,611,6
608,18,611,7
609,1,611,8
609,2,611,9
609,3,611,10
609,4,611,11
609,5,611,12
609,6,611,13
609,7,611,14
609,8,611,15
609,9,611,16
609,10,611,17
609,11,611,18
609,12,611,19
609,13,611,20
609,14,611,21
609,15,611,22
609,16,611,23
609,17,611,24
609,18,611,25
609,19,611,26
609,20,611,27
609,21,611,28
609,22,611,29
609,23,611,30
609,24,611,31
609,25,611,32
609,26,611,33
609,27,611,34
609,28,611,35
609,29,611,36
609,30,611,37
609,31,611,38
609,32,611,39
609,33,611,40
609,34,611,41
609,35,611,42
611,1,613,1
611,2,613,2
611,3,614,1
611,4,614,2
611,5,615,1
611,6,615,2
611,7,616,1
611,8,616,2
611,9,617,1
611,10,617,2
611,11,618,1
611,12,618,2
611,13,619,1
611,14,619,2
611,15,620,1
611,16,620,2
611,17,621,1
611,18,621,2
611,19,622,1
611,20,622,2
611,21,623,1
611,22,623,2
611,23,624,1
611,24,624,2
611,25,625,1
611,26,625,2
611,27,626,1
611,28,626,2
611,29,627,1
611,30,627,2
611,31,628,1
611,32,628,2
611,33,629,1
611,34,629,2
611,35,630,1
611,36,630,2
611,37,631,1
611,38,631,2
611,39,632,1
611,40,632,2
611,41,633,1
611,42,633,2
608,1,635,1
608,2,635,2
608,3,635,3
608,4,635,4
608,5,635,5
608,6,635,6
608,7,635,7
608,8,635,8
608,9,635,9
608,10,635,10
608,11,635,11
613,1,635,12
614,1,635,13
615,1,635,14
616,1,635,15
617,1,635,16
618,1,635,17
619,1,635,18
620,1,635,19
621,1,635,20
622,1,635,21
623,1,635,22
624,1,635,23
625,1,635,24
626,1,635,25
627,1,635,26
628,1,635,27
629,1,635,28
630,1,635,29
631,1,635,30
632,1,635,31
633,1,635,32
635,1,637,1
635,2,637,2
635,3,638,1
635,4,638,2
635,5,639,1
635,6,639,2
635,7,640,1
635,8,640,2
635,9,641,1
635,10,641,2
635,11,642,1
635,12,642,2
635,13,643,1
635,14,643,2
635,15,644,1
635,16,644,2
635,17,645,1
635,18,645,2
635,19,646,1
635,20,646,2
635,21,647,1
635,22,647,2
635,23,648,1
635,24,648,2
635,25,649,1
635,26,649,2
635,27,650,1
635,28,650,2
635,29,651,1
635,30,651,2
635,31,652,1
635,32,652,2
637,1,654,1
638,1,654,2
639,1,654,3
640,1,654,4
641,1,654,5
642,1,654,6
643,1,654,7
644,1,654,8
645,1,654,9
646,1,654,10
647,1,654,11
648,1,654,12
649,1,654,13
650,1,654,14
651,1,654,15
652,1,654,16
654,1,656,1
654,2,656,2
654,3,657,1
654,4,657,2
654,5,658,1
654,6,658,2
654,7,659,1
654,8,659,2
654,9,660,1
654,10,660,2
654,11,661,1
654,12,661,2
654,13,662,1
654,14,662,2
654,15,663,1
654,16,663,2
656,1,665,1
657,1,665,2
658,1,665,3
659,1,665,4
660,1,665,5
661,1,665,6
662,1,665,7
663,1,665,8
665,1,667,1
665,2,667,2
665,3,668,1
665,4,668,2
665,5,669,1
665,6,669,2
665,7,670,1
665,8,670,2
667,1,672,1
668,1,672,2
669,1,672,3
670,1,672,4
672,1,674,1
672,2,674,2
672,3,675,1
672,4,675,2
674,1,677,1
675,1,677,2
695,0,697,1
695,0,697,2
695,0,698,1
695,0,698,2
695,0,699,1
695,0,699,2
695,0,700,1
695,0,700,2
695,0,701,1
695,0,701,2
695,0,702,1
695,0,702,2
695,0,703,1
695,0,703,2
695,0,704,1
695,0,704,2
695,0,705,1
695,0,705,2
695,0,706,1
695,0,706,2
694,0,708,1
694,0,708,2
694,0,709,1
694,0,709,2
694,0,710,1
694,0,710,2
694,0,711,1
694,0,711,2
694,0,712,1
697,1,712,2
694,0,713,1
698,1,713,2
694,0,714,1
699,1,714,2
694,0,715,1
700,1,715,2
694,0,716,1
701,1,716,2
694,0,717,1
702,1,717,2
694,0,718,1
703,1,718,2
694,0,719,1
704,1,719,2
694,0,720,1
705,1,720,2
694,0,721,1
706,1,721,2
693,0,723,1
708,1,723,2
693,0,724,1
709,1,724,2
693,0,725,1
710,1,725,2
693,0,726,1
711,1,726,2
693,0,727,1
712,1,727,2
693,0,728,1
713,1,728,2
693,0,729,1
714,1,729,2
693,0,730,1
715,1,730,2
693,0,731,1
716,1,731,2
693,0,732,1
717,1,732,2
693,0,733,1
718,1,733,2
693,0,734,1
719,1,734,2
693,0,735,1
720,1,735,2
693,0,736,1
721,1,736,2
693,0,737,1
693,0,737,2
693,0,738,1
693,0,738,2
723,1,740,1
724,1,740,2
725,1,741,1
726,1,741,2
727,1,742,1
728,1,742,2
729,1,743,1
730,1,743,2
731,1,744,1
732,1,744,2
733,1,745,1
734,1,745,2
735,1,746,1
736,1,746,2
737,1,747,1
738,1,747,2
740,1,749,1
741,1,749,2
742,1,750,1
743,1,750,2
744,1,751,1
745,1,751,2
746,1,752,1
747,1,752,2
749,1,754,1
750,1,754,2
751,1,754,3
752,1,754,4
754,1,756,1
754,2,756,2
754,3,757,1
754,4,757,2
756,1,759,1
757,1,759,2
769,1,771,1
769,4,771,2
769,2,772,1
769,3,772,2
771,1,774,1
772,1,774,2
783,1,785,1
783,2,785,2
783,3,785,3
783,4,785,4
783,5,785,5
783,6,785,6
782,16,787,1
785,2,787,2
782,17,788,1
785,3,788,2
782,18,789,1
785,4,789,2
785,5,790,1
785,6,790,2
781,1,792,1
781,2,792,2
781,3,792,3
781,4,792,4
781,5,792,5
781,6,792,6
781,7,792,7
781,8,792,8
781,9,792,9
781,10,792,10
781,11,792,11
781,12,792,12
782,1,792,13
782,2,792,14
782,3,792,15
782,4,792,16
782,5,793,1
782,6,793,2
782,7,793,3
782,8,793,4
782,9,793,5
782,10,793,6
782,11,793,7
782,12,793,8
782,13,793,9
782,14,793,10
782,15,793,11
785,1,793,12
787,1,793,13
788,1,793,14
789,1,793,15
790,1,793,16
792,0,795,1
793,0,795,2
792,0,796,1
793,0,796,2
792,0,797,1
793,0,797,2
792,0,798,1
793,0,798,2
792,0,799,1
793,0,799,2
792,0,800,1
793,0,800,2
792,0,801,1
793,0,801,2
792,0,802,1
793,0,802,2
792,0,803,1
793,0,803,2
792,0,804,1
793,0,804,2
792,0,805,1
793,0,805,2
792,0,806,1
793,0,806,2
792,0,807,1
793,0,807,2
792,0,808,1
793,0,808,2
792,0,809,1
793,0,809,2
792,0,810,1
793,0,810,2
795,1,812,1
796,1,812,2
797,1,813,1
798,1,813,2
799,1,814,1
800,1,814,2
801,1,815,1
802,1,815,2
803,1,816,1
804,1,816,2
805,1,817,1
806,1,817,2
807,1,818,1
808,1,818,2
809,1,819,1
810,1,819,2
780,1,821,1
819,1,821,2
780,8,822,1
812,1,822,2
780,4,823,1
816,1,823,2
780,5,824,1
815,1,824,2
780,2,825,1
818,1,825,2
780,7,826,1
813,1,826,2
780,3,827,1
817,1,827,2
780,6,828,1
814,1,828,2
821,1,830,1
822,1,830,2
823,1,831,1
824,1,831,2
825,1,832,1
826,1,832,2
827,1,833,1
828,1,833,2
830,1,835,1
831,1,835,2
832,1,836,1
833,1,836,2
835,1,838,1
836,1,838,2
855,1,858,1
855,2,858,2
855,3,858,3
855,4,858,4
856,1,858,5
856,2,858,6
856,3,858,7
856,4,858,8
863,0,865,1
862,0,865,2
863,0,866,1
862,0,866,2
863,0,867,1
862,0,867,2
863,0,868,1
862,0,868,2
863,0,869,1
862,0,869,2
863,0,870,1
862,0,870,2
863,0,871,1
862,0,871,2
863,0,872,1
862,0,872,2
863,0,873,1
862,0,873,2
863,0,874,1
862,0,874,2
863,0,875,1
862,0,875,2
863,0,876,1
862,0,876,2
863,0,877,1
862,0,877,2
863,0,878,1
862,0,878,2
863,0,879,1
862,0,879,2
863,0,880,1
862,0,880,2
863,0,881,1
862,0,881,2
863,0,882,1
862,0,882,2
863,0,883,1
862,0,883,2
863,0,884,1
862,0,884,2
863,0,885,1
862,0,885,2
863,0,886,1
862,0,886,2
865,1,888,1
866,1,888,2
867,1,888,3
868,1,888,4
869,1,888,5
870,1,888,6
871,1,888,7
872,1,888,8
873,1,888,9
874,1,888,10
875,1,888,11
876,1,888,12
877,1,888,13
878,1,888,14
879,1,888,15
880,1,888,16
881,1,888,17
882,1,888,18
883,1,888,19
884,1,888,20
885,1,888,21
886,1,888,22
861,10,888,23
861,9,888,24
861,1,888,25
861,2,888,26
861,3,888,27
861,4,888,28
861,5,888,29
861,6,888,30
861,7,888,31
861,8,888,32
888,0,890,1
888,0,890,2
888,0,891,1
888,0,891,2
888,0,892,1
888,0,892,2
888,0,893,1
888,0,893,2
888,0,894,1
888,0,894,2
888,0,895,1
888,0,895,2
888,0,896,1
888,0,896,2
888,0,897,1
888,0,897,2
888,0,898,1
888,0,898,2
888,0,899,1
888,0,899,2
888,0,900,1
888,0,900,2
888,0,901,1
888,0,901,2
888,0,902,1
888,0,902,2
888,0,903,1
888,0,903,2
888,0,904,1
888,0,904,2
888,0,905,1
888,0,905,2
890,1,907,1
891,1,907,2
892,1,908,1
893,1,908,2
894,1,909,1
895,1,909,2
896,1,910,1
897,1,910,2
898,1,911,1
899,1,911,2
900,1,912,1
901,1,912,2
902,1,913,1
903,1,913,2
904,1,914,1
905,1,914,2
907,1,916,1
914,1,916,2
908,1,917,1
913,1,917,2
909,1,918,1
912,1,918,2
910,1,919,1
911,1,919,2
916,1,921,1
919,1,921,2
917,1,922,1
918,1,922,2
921,1,924,1
922,1,924,2
928,1,930,1
928,2,930,2
928,3,930,3
928,4,930,4
928,5,930,5
928,6,930,6
940,1,942,1
940,4,942,2
940,2,943,1
940,3,943,2
942,1,945,1
943,1,945,2
953,0,956,1
952,0,956,2
953,0,957,1
952,0,957,2
953,0,958,1
952,0,958,2
953,0,959,1
952,0,959,2
953,0,960,1
952,0,960,2
953,0,961,1
952,0,961,2
953,0,962,1
952,0,962,2
953,0,963,1
952,0,963,2
953,0,964,1
952,0,964,2
953,0,965,1
952,0,965,2
954,0,966,1
952,0,966,2
954,0,967,1
952,0,967,2
954,0,968,1
952,0,968,2
954,0,969,1
952,0,969,2
954,0,970,1
952,0,970,2
954,0,971,1
952,0,971,2
954,0,972,1
952,0,972,2
954,0,973,1
952,0,973,2
954,0,974,1
952,0,974,2
954,0,975,1
952,0,975,2
954,0,976,1
952,0,976,2
954,0,977,1
952,0,977,2
954,0,978,1
952,0,978,2
954,0,979,1
952,0,979,2
954,0,980,1
952,0,980,2
954,0,981,1
952,0,981,2
954,0,982,1
952,0,982,2
954,0,983,1
952,0,983,2
956,1,985,1
957,1,985,2
958,1,985,3
959,1,985,4
960,1,985,5
961,1,985,6
962,1,985,7
963,1,985,8
964,1,985,9
965,1,985,10
966,1,985,11
967,1,985,12
968,1,985,13
969,1,985,14
970,1,985,15
971,1,985,16
972,1,985,17
973,1,985,18
974,1,985,19
975,1,985,20
976,1,985,21
977,1,985,22
978,1,985,23
979,1,985,24
980,1,985,25
981,1,985,26
982,1,985,27
983,1,985,28
951,1,985,29
951,2,985,30
951,3,985,31
951,4,985,32
985,0,987,1
985,0,987,2
985,0,988,1
985,0,988,2
985,0,989,1
985,0,989,2
985,0,990,1
985,0,990,2
985,0,991,1
985,0,991,2
985,0,992,1
985,0,992,2
985,0,993,1
985,0,993,2
985,0,994,1
985,0,994,2
985,0,995,1
985,0,995,2
985,0,996,1
985,0,996,2
985,0,997,1
985,0,997,2
985,0,998,1
985,0,998,2
985,0,999,1
985,0,999,2
985,0,1000,1
985,0,1000,2
985,0,1001,1
985,0,1001,2
985,0,1002,1
985,0,1002,2
987,1,1004,1
988,1,1004,2
989,1,1005,1
990,1,1005,2
991,1,1006,1
992,1,1006,2
993,1,1007,1
994,1,1007,2
995,1,1008,1
996,1,1008,2
997,1,1009,1
998,1,1009,2
999,1,1010,1
1000,1,1010,2
1001,1,1011,1
1002,1,1011,2
1004,1,1013,1
1005,1,1013,2
1006,1,1014,1
1007,1,1014,2
1008,1,1015,1
1009,1,1015,2
1010,1,1016,1
1011,1,1016,2
1013,1,1018,1
1014,1,1018,2
1015,1,1019,1
1016,1,1019,2
1018,1,1021,1
1019,1,1021,2
1037,1,1039,1
1037,2,1039,2
1037,3,1039,3
1037,4,1039,4
1037,5,1039,5
1037,6,1039,6
1043,1,1045,1
1043,2,1045,2
1043,3,1045,3
1043,4,1045,4
1043,5,1045,5
1043,6,1045,6
1049,1,1051,1
1049,2,1051,2
1049,3,1051,3
1049,4,1051,4
1049,5,1051,5
1049,6,1051,6
1055,1,1057,1
1055,2,1057,2
1055,3,1057,3
1055,4,1057,4
1055,5,1057,5
1055,6,1057,6
1065,1,1067,1
1065,2,1067,2
1065,3,1067,3
1065,4,1067,4
1065,5,1067,5
1065,6,1067,6
1071,1,1073,1
1071,2,1073,2
1071,3,1073,3
1071,4,1073,4
1071,5,1073,5
1071,6,1073,6
1090,0,1092,1
1090,0,1092,2
1090,0,1093,1
1089,0,1093,2
1090,0,1094,1
1090,0,1094,2
1090,0,1095,1
1089,0,1095,2
1090,0,1096,1
1090,0,1096,2
1090,0,1097,1
1089,0,1097,2
1090,0,1098,1
1090,0,1098,2
1090,0,1099,1
1089,0,1099,2
1090,0,1100,1
1090,0,1100,2
1090,0,1101,1
1089,0,1101,2
1090,0,1102,1
1090,0,1102,2
1090,0,1103,1
1089,0,1103,2
1090,0,1104,1
1090,0,1104,2
1090,0,1105,1
1089,0,1105,2
1090,0,1106,1
1090,0,1106,2
1090,0,1107,1
1089,0,1107,2
1092,1,1109,1
1093,1,1109,2
1094,1,1110,1
1095,1,1110,2
1096,1,1111,1
1097,1,1111,2
1098,1,1112,1
1099,1,1112,2
1100,1,1113,1
1101,1,1113,2
1102,1,1114,1
1103,1,1114,2
1104,1,1115,1
1105,1,1115,2
1106,1,1116,1
1107,1,1116,2
1109,1,1118,1
1110,1,1118,2
1111,1,1119,1
1112,1,1119,2
1113,1,1120,1
1114,1,1120,2
1115,1,1121,1
1116,1,1121,2
1118,1,1123,1
1119,1,1123,2
1120,1,1124,1
1121,1,1124,2
1123,1,1126,1
1124,1,1126,2
1129,0,1132,1
1130,0,1132,2
1130,0,1132,3
1130,0,1132,4
1130,0,1132,5
1130,0,1132,6
1130,0,1132,7
1129,0,1133,1
1130,0,1133,2
1130,0,1133,3
1130,0,1133,4
1130,0,1133,5
1130,0,1133,6
1130,0,1133,7
1132,2,1135,1
1133,1,1135,2
1133,2,1136,1
1132,1,1136,2
1135,2,1138,1
1136,2,1138,2
1135,1,1140,1
1136,1,1140,2
1144,7,1146,1
1144,10,1146,2
1144,8,1147,1
1144,9,1147,2
1147,1,1149,1
1144,1,1149,2
1146,1,1150,1
1144,2,1150,2
1144,6,1151,1
1144,3,1151,2
1144,5,1152,1
1144,4,1152,2
1149,1,1154,1
1152,1,1154,2
1150,1,1155,1
1151,1,1155,2
1154,1,1157,1
1155,1,1157,2
1157,2,1159,1
1157,1,1159,2
1163,4,1166,1
1163,5,1166,2
1164,4,1167,1
1164,5,1167,2
1163,3,1168,1
1163,6,1168,2
1164,3,1169,1
1164,6,1169,2
1163,2,1170,1
1163,7,1170,2
1164,2,1171,1
1164,7,1171,2
1163,1,1174,1
1166,1,1174,2
1168,1,1175,1
1170,1,1175,2
1164,1,1177,1
1167,1,1177,2
1169,1,1178,1
1171,1,1178,2
1174,1,1180,1
1175,1,1180,2
1177,1,1181,1
1178,1,1181,2
1180,1,1183,1
1181,2,1183,2
1181,1,1184,1
1180,2,1184,2
1183,1,1186,1
1184,1,1186,2
1186,1,1188,1
1186,2,1188,2
1195,1,1197,1
1195,4,1197,2
1195,7,1197,3
1195,10,1197,4
1195,12,1197,5
1195,11,1197,6
1195,14,1197,7
1195,16,1197,8
1195,18,1197,9
1195,20,1197,10
1195,22,1197,11
1195,24,1197,12
1195,2,1198,1
1195,3,1198,2
1195,5,1198,3
1195,6,1198,4
1195,8,1198,5
1195,9,1198,6
1195,13,1198,7
1195,15,1198,8
1195,17,1198,9
1195,19,1198,10
1195,21,1198,11
1195,23,1198,12
1197,8,1200,1
1198,1,1200,2
1197,7,1201,1
1198,2,1201,2
1197,6,1202,1
1198,3,1202,2
1197,5,1203,1
1198,4,1203,2
1198,8,1204,1
1197,1,1204,2
1198,7,1205,1
1197,2,1205,2
1198,6,1206,1
1197,3,1206,2
1198,5,1207,1
1197,4,1207,2
1200,1,1209,1
1201,1,1209,2
1202,1,1210,1
1203,1,1210,2
1204,1,1211,1
1205,1,1211,2
1206,1,1212,1
1207,1,1212,2
1209,1,1214,1
1210,1,1214,2
1211,1,1215,1
1212,1,1215,2
1214,1,1217,1
1215,1,1217,2
1245,0,1247,1
1244,0,1247,2
1244,0,1247,3
1244,0,1247,4
1245,0,1248,1
1244,0,1248,2
1244,0,1248,3
1244,0,1248,4
1245,0,1249,1
1244,0,1249,2
1244,0,1249,3
1244,0,1249,4
1245,0,1250,1
1244,0,1250,2
1244,0,1250,3
1244,0,1250,4
1247,1,1252,1
1248,2,1252,2
1248,1,1253,1
1249,2,1253,2
1249,1,1254,1
1250,2,1254,2
1250,1,1255,1
1247,2,1255,2
1252,1,1257,1
1253,1,1257,2
1254,1,1258,1
1255,1,1258,2
1257,1,1260,1
1258,1,1260,2
1270,6,1278,1
1268,9,1278,2
1275,6,1278,3
1272,5,1278,4
1267,8,1279,1
1272,6,1279,2
1276,5,1279,3
1331,2,1279,4
1267,9,1280,1
1332,2,1280,2
1271,6,1280,3
1270,5,1280,4
1267,13,1281,1
1268,7,1281,2
1275,5,1281,3
1274,6,1281,4
1268,10,1282,1
1276,6,1282,2
1273,5,1282,3
1334,2,1282,4
1267,10,1283,1
1269,6,1283,2
1271,5,1283,3
1268,8,1283,4
1274,5,1284,1
1267,12,1284,2
1269,5,1284,3
1268,12,1284,4
1333,2,1285,1
1267,11,1285,2
1273,6,1285,3
1268,11,1285,4
1278,2,1287,1
1343,3,1287,2
1279,2,1288,1
1342,3,1288,2
1280,2,1289,1
1341,3,1289,2
1281,2,1290,1
1340,3,1290,2
1282,2,1291,1
1339,3,1291,2
1283,2,1292,1
1338,3,1292,2
1284,2,1293,1
1337,3,1293,2
1285,2,1294,1
1336,3,1294,2
1287,1,1296,1
1285,1,1296,2
1288,1,1297,1
1284,1,1297,2
1289,1,1298,1
1283,1,1298,2
1290,1,1299,1
1282,1,1299,2
1291,1,1300,1
1281,1,1300,2
1292,1,1301,1
1280,1,1301,2
1293,1,1302,1
1279,1,1302,2
1294,1,1303,1
1278,1,1303,2
1296,1,1305,1
1297,1,1305,2
1298,1,1306,1
1299,1,1306,2
1300,1,1307,1
1301,1,1307,2
1302,1,1308,1
1303,1,1308,2
1305,1,1310,1
1308,1,1310,2
1306,1,1311,1
1307,1,1311,2
1310,1,1313,1
1311,1,1313,2
1273,4,1318,1
1276,4,1318,2
1271,4,1319,1
1275,4,1319,2
1274,4,1320,1
1272,4,1320,2
1319,1,1322,1
1274,3,1322,2
1271,3,1323,1
1270,4,1323,2
1318,1,1324,1
1270,3,1324,2
1269,4,1325,1
1267,7,1325,2
1320,1,1326,1
1272,3,1326,2
1276,3,1327,1
1269,3,1327,2
1275,3,1328,1
1268,6,1328,2
1273,3,1329,1
1267,6,1329,2
1322,1,1331,1
1323,1,1331,2
1324,1,1332,1
1325,1,1332,2
1326,1,1333,1
1327,1,1333,2
1328,1,1334,1
1329,1,1334,2
1266,1,1336,1
1272,2,1336,2
1268,4,1336,3
1331,1,1336,4
1271,1,1337,1
1272,1,1337,2
1269,2,1337,3
1332,1,1337,4
1267,3,1338,1
1273,1,1338,2
1276,2,1338,3
1268,5,1338,4
1268,1,1339,1
1267,2,1339,2
1269,1,1339,3
1334,1,1339,4
1271,2,1340,1
1267,1,1340,2
1270,2,1340,3
1268,3,1340,4
1267,4,1341,1
1274,1,1341,2
1270,1,1341,3
1333,1,1341,4
1275,1,1342,1
1266,2,1342,2
1273,2,1342,3
1267,5,1342,4
1275,2,1343,1
1274,2,1343,2
1268,2,1343,3
1276,1,1343,4
1336,1,1345,1
1337,1,1345,2
1338,1,1345,3
1339,1,1345,4
1340,1,1345,5
1341,1,1345,6
1342,1,1345,7
1343,1,1345,8
1336,2,1346,1
1337,2,1346,2
1338,2,1346,3
1339,2,1346,4
1340,2,1346,5
1341,2,1346,6
1342,2,1346,7
1343,2,1346,8
1346,0,1348,1
1345,0,1348,2
1346,0,1349,1
1345,0,1349,2
1346,0,1350,1
1345,0,1350,2
1346,0,1351,1
1345,0,1351,2
1346,0,1352,1
1345,0,1352,2
1346,0,1353,1
1345,0,1353,2
1346,0,1354,1
1345,0,1354,2
1346,0,1355,1
1345,0,1355,2
1348,1,1357,1
1349,1,1357,2
1350,1,1358,1
1351,1,1358,2
1352,1,1359,1
1353,1,1359,2
1354,1,1360,1
1355,1,1360,2
1357,1,1362,1
1360,1,1362,2
1358,1,1363,1
1359,1,1363,2
1362,1,1365,1
1363,1,1365,2
1369,0,1371,1
1369,0,1371,2
1369,0,1371,3
1369,0,1371,4
1369,0,1371,5
1369,0,1371,6
1369,0,1371,7
1369,0,1371,8
1369,0,1371,9
1369,0,1371,10
1369,0,1371,11
1369,0,1371,12
1369,0,1371,13
1369,0,1371,14
1369,0,1371,15
1369,0,1372,1
1369,0,1372,2
1369,0,1372,3
1369,0,1372,4
1369,0,1372,5
1369,0,1372,6
1369,0,1372,7
1369,0,1372,8
1369,0,1372,9
1369,0,1372,10
1369,0,1372,11
1369,0,1372,12
1369,0,1372,13
1369,0,1372,14
1369,0,1372,15
1371,1,1374,1
1372,4,1374,2
1372,2,1375,1
1371,3,1375,2
1372,1,1376,1
1371,4,1376,2
1371,2,1377,1
1372,3,1377,2
1374,1,1379,1
1375,1,1379,2
1376,1,1380,1
1377,1,1380,2
1379,1,1382,1
1380,1,1382,2
1382,2,1384,1
1382,1,1384,2
1387,0,1389,1
1387,0,1389,2
1387,0,1389,3
1387,0,1389,4
1387,0,1389,5
1387,0,1389,6
1387,0,1389,7
1387,0,1389,8
1387,0,1389,9
1387,0,1389,10
1387,0,1389,11
1387,0,1389,12
1387,0,1389,13
1387,0,1389,14
1387,0,1389,15
1387,0,1390,1
1387,0,1390,2
1387,0,1390,3
1387,0,1390,4
1387,0,1390,5
1387,0,1390,6
1387,0,1390,7
1387,0,1390,8
1387,0,1390,9
1387,0,1390,10
1387,0,1390,11
1387,0,1390,12
1387,0,1390,13
1387,0,1390,14
1387,0,1390,15
1389,1,1392,1
1389,2,1392,2
1389,3,1392,3
1390,1,1392,4
1390,2,1392,5
1390,3,1392,6
1397,11,1399,1
1397,30,1399,2
1397,12,1400,1
1397,29,1400,2
1397,13,1401,1
1397,28,1401,2
1397,14,1402,1
1397,27,1402,2
1397,15,1403,1
1397,26,1403,2
1397,16,1404,1
1397,25,1404,2
1397,17,1405,1
1397,24,1405,2
1397,18,1406,1
1397,23,1406,2
1397,19,1407,1
1397,22,1407,2
1397,20,1408,1
1397,21,1408,2
1397,1,1410,1
1399,1,1410,2
1397,2,1411,1
1400,1,1411,2
1397,3,1412,1
1401,1,1412,2
1397,4,1413,1
1402,1,1413,2
1397,5,1414,1
1403,1,1414,2
1397,6,1415,1
1404,1,1415,2
1397,7,1416,1
1405,1,1416,2
1397,8,1417,1
1406,1,1417,2
1397,9,1418,1
1407,1,1418,2
1397,10,1419,1
1408,1,1419,2
1410,1,1421,1
1396,22,1421,2
1396,1,1422,1
1396,21,1422,2
1411,1,1423,1
1396,20,1423,2
1396,2,1424,1
1396,19,1424,2
1412,1,1425,1
1396,18,1425,2
1396,3,1426,1
1396,17,1426,2
1413,1,1427,1
1396,16,1427,2
1396,4,1428,1
1418,1,1428,2
1414,1,1429,1
1396,15,1429,2
1396,5,1430,1
1419,1,1430,2
1415,1,1431,1
1396,14,1431,2
1396,6,1432,1
1396,13,1432,2
1416,1,1433,1
1396,12,1433,2
1396,7,1434,1
1396,11,1434,2
1417,1,1435,1
1396,10,1435,2
1396,8,1436,1
1396,9,1436,2
1421,1,1438,1
1422,1,1438,2
1423,1,1439,1
1424,1,1439,2
1425,1,1440,1
1426,1,1440,2
1427,1,1441,1
1428,1,1441,2
1429,1,1442,1
1430,1,1442,2
1431,1,1443,1
1432,1,1443,2
1433,1,1444,1
1434,1,1444,2
1435,1,1445,1
1436,1,1445,2
1395,1,1447,1
1438,1,1447,2
1395,8,1448,1
1439,1,1448,2
1395,5,1449,1
1440,1,1449,2
1395,3,1450,1
1441,1,1450,2
1395,7,1451,1
1442,1,1451,2
1395,4,1452,1
1443,1,1452,2
1395,6,1453,1
1444,1,1453,2
1395,2,1454,1
1445,1,1454,2
1447,1,1456,1
1448,1,1456,2
1449,1,1457,1
1450,1,1457,2
1451,1,1458,1
1452,1,1458,2
1453,1,1459,1
1454,1,1459,2
1456,1,1461,1
1457,1,1461,2
1458,1,1462,1
1459,1,1462,2
1461,1,1464,1
1462,1,1464,2
1480,16,1482,1
1477,16,1482,2
1480,15,1483,1
1477,13,1483,2
1479,15,1484,1
1480,12,1484,2
1478,15,1485,1
1479,12,1485,2
1477,15,1486,1
1478,12,1486,2
1480,14,1487,1
1477,12,1487,2
1479,10,1488,1
1477,10,1488,2
1479,14,1489,1
1480,11,1489,2
1478,14,1490,1
1479,11,1490,2
1477,14,1491,1
1478,11,1491,2
1480,13,1492,1
1477,11,1492,2
1479,13,1493,1
1480,10,1493,2
1478,13,1494,1
1478,10,1494,2
1479,16,1495,1
1478,16,1495,2
1482,1,1497,1
1476,23,1497,2
1483,1,1498,1
1476,24,1498,2
1484,1,1499,1
1479,9,1499,2
1485,1,1500,1
1480,9,1500,2
1486,1,1501,1
1480,8,1501,2
1487,1,1502,1
1480,7,1502,2
1488,1,1503,1
1480,6,1503,2
1489,1,1504,1
1480,5,1504,2
1490,1,1505,1
1480,4,1505,2
1491,1,1506,1
1480,3,1506,2
1492,1,1507,1
1480,2,1507,2
1493,1,1508,1
1480,1,1508,2
1494,1,1509,1
1479,6,1509,2
1495,1,1510,1
1479,5,1510,2
1476,25,1511,1
1479,4,1511,2
1476,26,1512,1
1479,3,1512,2
1476,27,1513,1
1479,2,1513,2
1476,28,1514,1
1479,1,1514,2
1476,29,1515,1
1479,8,1515,2
1476,30,1516,1
1478,8,1516,2
1476,31,1517,1
1478,7,1517,2
1476,32,1518,1
1478,6,1518,2
1476,33,1519,1
1478,5,1519,2
1476,34,1520,1
1478,4,1520,2
1476,35,1521,1
1478,3,1521,2
1476,36,1522,1
1478,2,1522,2
1476,37,1523,1
1478,1,1523,2
1476,38,1524,1
1479,7,1524,2
1476,39,1525,1
1477,8,1525,2
1476,40,1526,1
1477,7,1526,2
1476,41,1527,1
1477,6,1527,2
1476,42,1528,1
1477,5,1528,2
1476,43,1529,1
1477,4,1529,2
1476,44,1530,1
1477,3,1530,2
1476,45,1531,1
1477,2,1531,2
1476,46,1532,1
1477,1,1532,2
1476,47,1533,1
1476,62,1533,2
1476,48,1534,1
1476,61,1534,2
1476,49,1535,1
1476,60,1535,2
1476,50,1536,1
1476,59,1536,2
1476,51,1537,1
1476,58,1537,2
1476,52,1538,1
1476,57,1538,2
1476,53,1539,1
1476,56,1539,2
1476,54,1540,1
1476,55,1540,2
1497,1,1542,1
1540,1,1542,2
1498,1,1543,1
1539,1,1543,2
1499,1,1544,1
1538,1,1544,2
1500,1,1545,1
1537,1,1545,2
1501,1,1546,1
1536,1,1546,2
1502,1,1547,1
1476,1,1547,2
1503,1,1548,1
1535,1,1548,2
1504,1,1549,1
1534,1,1549,2
1505,1,1550,1
1533,1,1550,2
1506,1,1551,1
1532,1,1551,2
1507,1,1552,1
1531,1,1552,2
1508,1,1553,1
1478,9,1553,2
1509,1,1554,1
1530,1,1554,2
1510,1,1555,1
1529,1,1555,2
1511,1,1556,1
1528,1,1556,2
1512,1,1557,1
1527,1,1557,2
1513,1,1558,1
1526,1,1558,2
1514,1,1559,1
1477,9,1559,2
1515,1,1560,1
1525,1,1560,2
1516,1,1561,1
1524,1,1561,2
1517,1,1562,1
1523,1,1562,2
1518,1,1563,1
1522,1,1563,2
1519,1,1564,1
1521,1,1564,2
1520,1,1565,1
1476,2,1565,2
1542,1,1567,1
1565,1,1567,2
1543,1,1568,1
1564,1,1568,2
1544,1,1569,1
1563,1,1569,2
1545,1,1570,1
1562,1,1570,2
1546,1,1571,1
1561,1,1571,2
1547,1,1572,1
1560,1,1572,2
1548,1,1573,1
1559,1,1573,2
1549,1,1574,1
1558,1,1574,2
1550,1,1575,1
1557,1,1575,2
1551,1,1576,1
1556,1,1576,2
1552,1,1577,1
1555,1,1577,2
1553,1,1578,1
1554,1,1578,2
1567,1,1580,1
1476,5,1580,2
1568,1,1581,1
1476,6,1581,2
1569,1,1582,1
1476,7,1582,2
1476,3,1583,1
1476,8,1583,2
1570,1,1584,1
1476,9,1584,2
1571,1,1585,1
1476,10,1585,2
1572,1,1586,1
1476,11,1586,2
1476,4,1587,1
1476,12,1587,2
1573,1,1588,1
1476,13,1588,2
1574,1,1589,1
1476,14,1589,2
1575,1,1590,1
1476,15,1590,2
1476,22,1591,1
1476,16,1591,2
1576,1,1592,1
1476,17,1592,2
1577,1,1593,1
1476,18,1593,2
1578,1,1594,1
1476,19,1594,2
1476,21,1595,1
1476,20,1595,2
1580,1,1597,1
1595,1,1597,2
1581,1,1598,1
1594,1,1598,2
1582,1,1599,1
1593,1,1599,2
1583,1,1600,1
1592,1,1600,2
1584,1,1601,1
1591,1,1601,2
1585,1,1602,1
1590,1,1602,2
1586,1,1603,1
1589,1,1603,2
1587,1,1604,1
1588,1,1604,2
1604,1,1606,1
1597,1,1606,2
1603,1,1607,1
1598,1,1607,2
1602,1,1608,1
1599,1,1608,2
1601,1,1609,1
1600,1,1609,2
1609,1,1611,1
1606,1,1611,2
1608,1,1612,1
1607,1,1612,2
1612,1,1614,1
1611,1,1614,2
1620,6,1622,1
1620,3,1622,2
1620,5,1623,1
1620,4,1623,2
1626,1,1628,1
1626,3,1628,2
1626,5,1628,3
1626,7,1628,4
1626,2,1629,1
1626,4,1629,2
1626,6,1629,3
1626,8,1629,4
1628,1,1631,1
1629,1,1631,2
1631,2,1633,1
1631,1,1633,2
1636,0,1638,1
1636,0,1638,2
1636,0,1638,3
1636,0,1638,4
1636,0,1638,5
1636,0,1638,6
1636,0,1639,1
1636,0,1639,2
1636,0,1639,3
1636,0,1639,4
1636,0,1639,5
1636,0,1639,6
1636,0,1640,1
1636,0,1640,2
1636,0,1640,3
1636,0,1640,4
1636,0,1640,5
1636,0,1640,6
1636,0,1641,1
1636,0,1641,2
1636,0,1641,3
1636,0,1641,4
1636,0,1641,5
1636,0,1641,6
1636,0,1642,1
1636,0,1642,2
1636,0,1642,3
1636,0,1642,4
1636,0,1642,5
1636,0,1642,6
1636,0,1643,1
1636,0,1643,2
1636,0,1643,3
1636,0,1643,4
1636,0,1643,5
1636,0,1643,6
1636,0,1644,1
1636,0,1644,2
1636,0,1644,3
1636,0,1644,4
1636,0,1644,5
1636,0,1644,6
1636,0,1645,1
1636,0,1645,2
1636,0,1645,3
1636,0,1645,4
1636,0,1645,5
1636,0,1645,6
1636,0,1646,1
1636,0,1646,2
1636,0,1646,3
1636,0,1646,4
1636,0,1646,5
1636,0,1646,6
1636,0,1647,1
1636,0,1647,2
1636,0,1647,3
1636,0,1647,4
1636,0,1647,5
1636,0,1647,6
1636,0,1648,1
1636,0,1648,2
1636,0,1648,3
1636,0,1648,4
1636,0,1648,5
1636,0,1648,6
1636,0,1649,1
1636,0,1649,2
1636,0,1649,3
1636,0,1649,4
1636,0,1649,5
1636,0,1649,6
1636,0,1650,1
1636,0,1650,2
1636,0,1650,3
1636,0,1650,4
1636,0,1650,5
1636,0,1650,6
1636,0,1651,1
1636,0,1651,2
1636,0,1651,3
1636,0,1651,4
1636,0,1651,5
1636,0,1651,6
1636,0,1652,1
1636,0,1652,2
1636,0,1652,3
1636,0,1652,4
1636,0,1652,5
1636,0,1652,6
1636,0,1653,1
1636,0,1653,2
1636,0,1653,3
1636,0,1653,4
1636,0,1653,5
1636,0,1653,6
1639,2,1655,1
1638,1,1655,2
1638,2,1656,1
1639,1,1656,2
1641,2,1657,1
1640,1,1657,2
1640,2,1658,1
1641,1,1658,2
1643,2,1659,1
1642,1,1659,2
1642,2,1660,1
1643,1,1660,2
1645,2,1661,1
1644,1,1661,2
1644,2,1662,1
1645,1,1662,2
1647,2,1663,1
1646,1,1663,2
1646,2,1664,1
1647,1,1664,2
1649,2,1665,1
1648,1,1665,2
1648,2,1666,1
1649,1,1666,2
1651,2,1667,1
1650,1,1667,2
1650,2,1668,1
1651,1,1668,2
1653,2,1669,1
1652,1,1669,2
1652,2,1670,1
1653,1,1670,2
1655,1,1672,1
1656,1,1672,2
1657,1,1673,1
1658,1,1673,2
1659,1,1674,1
1660,1,1674,2
1661,1,1675,1
1662,1,1675,2
1663,1,1676,1
1664,1,1676,2
1665,1,1677,1
1666,1,1677,2
1667,1,1678,1
1668,1,1678,2
1669,1,1679,1
1670,1,1679,2
1672,1,1681,1
1673,1,1681,2
1674,1,1682,1
1675,1,1682,2
1676,1,1683,1
1677,1,1683,2
1678,1,1684,1
1679,1,1684,2
1681,1,1686,1
1682,1,1686,2
1683,1,1687,1
1684,1,1687,2
1686,1,1689,1
1687,1,1689,2
1698,1,1701,1
1698,4,1701,2
1698,6,1701,3
1698,9,1701,4
1698,11,1701,5
1698,12,1701,6
1698,2,1702,1
1698,3,1702,2
1698,5,1702,3
1698,7,1702,4
1698,8,1702,5
1698,10,1702,6
1699,10,1703,1
1699,12,1703,2
1699,4,1703,3
1699,7,1703,4
1699,9,1703,5
1699,3,1703,6
1699,1,1704,1
1699,5,1704,2
1699,8,1704,3
1699,11,1704,4
1699,2,1704,5
1699,6,1704,6
1701,2,1706,1
1702,1,1706,2
1702,2,1707,1
1701,1,1707,2
1703,2,1708,1
1704,1,1708,2
1704,2,1709,1
1703,1,1709,2
1706,1,1711,1
1707,1,1711,2
1708,1,1712,1
1709,1,1712,2
1711,1,1714,1
1712,1,1714,2
1717,1,1719,1
1717,5,1719,2
1717,9,1719,3
1717,13,1719,4
1717,17,1719,5
1717,2,1720,1
1717,6,1720,2
1717,10,1720,3
1717,14,1720,4
1717,18,1720,5
1717,3,1721,1
1717,7,1721,2
1717,11,1721,3
1717,15,1721,4
1717,19,1721,5
1717,4,1722,1
1717,8,1722,2
1717,12,1722,3
1717,16,1722,4
1717,20,1722,5
1719,1,1724,1
1721,2,1724,2
1720,1,1725,1
1722,2,1725,2
1721,1,1726,1
1719,2,1726,2
1722,1,1727,1
1720,2,1727,2
1724,1,1729,1
1725,1,1729,2
1726,1,1730,1
1727,1,1730,2
1729,1,1732,1
1730,1,1732,2
1760,0,1763,1
1760,0,1763,2
1761,0,1763,3
1761,0,1763,4
1761,0,1763,5
1761,0,1763,6
1761,0,1763,7
1760,0,1764,1
1760,0,1764,2
1761,0,1764,3
1761,0,1764,4
1761,0,1764,5
1761,0,1764,6
1761,0,1764,7
1763,2,1766,1
1764,1,1766,2
1764,2,1767,1
1763,1,1767,2
1766,2,1769,1
1767,2,1769,2
1766,1,1771,1
1767,1,1771,2
1776,0,1778,1
1776,0,1778,2
1776,0,1778,3
1776,0,1778,4
1776,0,1778,5
1776,0,1778,6
1776,0,1778,7
1776,0,1778,8
1776,0,1778,9
1776,0,1778,10
1778,2,1780,1
1778,1,1780,2
1783,0,1785,1
1783,0,1785,2
1783,0,1785,3
1783,0,1785,4
1783,0,1785,5
1783,0,1785,6
1783,0,1785,7
1783,0,1785,8
1783,0,1785,9
1783,0,1785,10
1785,1,1787,1
1785,4,1787,2
1785,2,1788,1
1785,3,1788,2
1788,1,1790,1
1787,1,1790,2
1794,0,1796,1
1793,0,1796,2
1793,0,1796,3
1793,0,1796,4
1793,0,1796,5
1794,0,1797,1
1793,0,1797,2
1793,0,1797,3
1793,0,1797,4
1793,0,1797,5
1797,3,1799,1
1796,2,1799,2
1796,3,1800,1
1797,2,1800,2
1799,1,1802,1
1796,1,1802,2
1800,1,1803,1
1797,1,1803,2
1803,1,1805,1
1802,1,1805,2
1808,0,1810,1
1808,0,1810,2
1808,0,1810,3
1808,0,1810,4
1808,0,1810,5
1808,0,1810,6
1808,0,1810,7
1808,0,1810,8
1810,6,1812,1
1810,3,1812,2
1810,5,1813,1
1810,4,1813,2
1812,1,1815,1
1810,1,1815,2
1813,1,1816,1
1810,2,1816,2
1815,1,1818,1
1816,1,1818,2
1821,0,1823,1
1821,0,1823,2
1821,0,1823,3
1821,0,1823,4
1821,0,1823,5
1821,0,1823,6
1821,0,1823,7
1821,0,1823,8
1821,0,1823,9
1821,0,1823,10
1823,1,1825,1
1823,4,1825,2
1823,2,1826,1
1823,3,1826,2
1825,1,1828,1
1826,1,1828,2
1831,0,1833,1
1831,0,1833,2
1831,0,1833,3
1831,0,1833,4
1831,0,1833,5
1831,0,1833,6
1831,0,1833,7
1831,0,1833,8
1831,0,1833,9
1831,0,1833,10
1833,4,1835,1
1833,1,1835,2
1833,3,1836,1
1833,2,1836,2
1835,1,1838,1
1836,1,1838,2
1841,0,1843,1
1841,0,1843,2
1841,0,1843,3
1841,0,1843,4
1841,0,1843,5
1841,0,1843,6
1841,0,1843,7
1841,0,1843,8
1841,0,1843,9
1841,0,1843,10
1843,2,1845,1
1843,1,1845,2
1849,0,1851,1
1849,0,1851,2
1849,0,1851,3
1849,0,1851,4
1849,0,1851,5
1849,0,1851,6
1849,0,1851,7
1849,0,1851,8
1851,2,1853,1
1851,1,1853,2
1856,0,1858,1
1856,0,1858,2
1856,0,1858,3
1856,0,1858,4
1856,0,1858,5
1856,0,1858,6
1856,0,1858,7
1856,0,1858,8
1856,0,1858,9
1856,0,1858,10
1858,4,1860,1
1858,1,1860,2
1858,3,1861,1
1858,2,1861,2
1861,1,1863,1
1860,1,1863,2
1866,0,1868,1
1866,0,1868,2
1866,0,1868,3
1866,0,1868,4
1866,0,1868,5
1866,0,1868,6
1866,0,1868,7
1866,0,1868,8
1868,4,1870,1
1868,1,1870,2
1868,3,1871,1
1868,2,1871,2
1871,1,1873,1
1870,1,1873,2
1876,0,1878,1
1876,0,1878,2
1876,0,1878,3
1876,0,1878,4
1876,0,1878,5
1876,0,1878,6
1876,0,1878,7
1876,0,1878,8
1878,2,1880,1
1878,1,1880,2
1883,0,1885,1
1883,0,1885,2
1883,0,1885,3
1883,0,1885,4
1883,0,1885,5
1883,0,1885,6
1883,0,1885,7
1883,0,1885,8
1885,2,1887,1
1885,1,1887,2
1891,0,1893,1
1891,0,1893,2
1891,0,1893,3
1891,0,1893,4
1891,0,1893,5
1891,0,1893,6
1891,0,1894,1
1891,0,1894,2
1891,0,1894,3
1891,0,1894,4
1891,0,1894,5
1891,0,1894,6
1894,2,1896,1
1893,1,1896,2
1893,2,1897,1
1894,1,1897,2
1896,1,1899,1
1897,1,1899,2
1902,0,1904,1
1902,0,1904,2
1902,0,1904,3
1902,0,1904,4
1902,0,1904,5
1902,0,1904,6
1902,0,1905,1
1902,0,1905,2
1902,0,1905,3
1902,0,1905,4
1902,0,1905,5
1902,0,1905,6
1905,2,1907,1
1904,1,1907,2
1904,2,1908,1
1905,1,1908,2
1907,1,1910,1
1908,1,1910,2
1914,0,1916,1
1913,0,1916,2
1913,0,1916,3
1913,0,1916,4
1913,0,1916,5
1913,0,1916,6
1914,0,1917,1
1913,0,1917,2
1913,0,1917,3
1913,0,1917,4
1913,0,1917,5
1913,0,1917,6
1917,2,1919,1
1916,1,1919,2
1916,2,1920,1
1917,1,1920,2
1919,1,1922,1
1920,1,1922,2
1925,0,1927,1
1925,0,1927,2
1925,0,1927,3
1925,0,1927,4
1925,0,1927,5
1925,0,1927,6
1925,0,1927,7
1925,0,1927,8
1925,0,1928,1
1925,0,1928,2
1925,0,1928,3
1925,0,1928,4
1925,0,1928,5
1925,0,1928,6
1925,0,1928,7
1925,0,1928,8
1928,2,1930,1
1927,1,1930,2
1927,2,1931,1
1928,1,1931,2
1930,1,1933,1
1931,1,1933,2
1936,0,1938,1
1936,0,1938,2
1936,0,1938,3
1936,0,1938,4
1936,0,1938,5
1936,0,1938,6
1936,0,1938,7
1936,0,1938,8
1936,0,1938,9
1936,0,1938,10
1938,4,1940,1
1938,1,1940,2
1938,3,1941,1
1938,2,1941,2
1940,1,1943,1
1941,1,1943,2
1946,0,1948,1
1946,0,1948,2
1946,0,1948,3
1946,0,1948,4
1946,0,1948,5
1946,0,1948,6
1946,0,1948,7
1946,0,1948,8
1946,0,1948,9
1946,0,1948,10
1948,4,1950,1
1948,1,1950,2
1948,3,1951,1
1948,2,1951,2
1950,1,1953,1
1951,1,1953,2
1957,0,1959,1
1957,0,1959,2
1957,0,1959,3
1957,0,1959,4
1957,0,1959,5
1957,0,1959,6
1957,0,1959,7
1957,0,1959,8
1957,0,1959,9
1957,0,1959,10
1957,0,1959,11
1957,0,1959,12
1959,4,1961,1
1959,1,1961,2
1959,3,1962,1
1959,2,1962,2
1962,1,1964,1
1961,1,1964,2
1967,0,1969,1
1967,0,1969,2
1967,0,1969,3
1967,0,1969,4
1967,0,1969,5
1967,0,1969,6
1967,0,1969,7
1967,0,1969,8
1967,0,1969,9
1967,0,1969,10
1969,4,1971,1
1969,1,1971,2
1969,3,1972,1
1969,2,1972,2
1971,1,1974,1
1972,1,1974,2
1977,0,1979,1
1977,0,1979,2
1977,0,1979,3
1977,0,1979,4
1977,0,1979,5
1977,0,1979,6
1977,0,1979,7
1977,0,1979,8
1977,0,1979,9
1977,0,1979,10
1979,4,1981,1
1979,1,1981,2
1979,3,1982,1
1979,2,1982,2
1982,1,1984,1
1981,1,1984,2
1987,0,1989,1
1987,0,1989,2
1987,0,1989,3
1987,0,1989,4
1987,0,1989,5
1987,0,1989,6
1987,0,1989,7
1987,0,1989,8
1987,0,1989,9
1987,0,1989,10
1989,4,1991,1
1989,1,1991,2
1989,3,1992,1
1989,2,1992,2
1991,1,1994,1
1992,1,1994,2
1997,0,1999,1
1997,0,1999,2
1997,0,1999,3
1997,0,1999,4
1997,0,1999,5
1997,0,1999,6
1997,0,1999,7
1997,0,1999,8
1999,4,2001,1
1999,1,2001,2
1999,3,2002,1
1999,2,2002,2
2001,1,2004,1
2002,1,2004,2
2007,0,2009,1
2007,0,2009,2
2007,0,2009,3
2007,0,2009,4
2007,0,2009,5
2007,0,2009,6
2007,0,2009,7
2007,0,2009,8
2009,4,2011,1
2009,1,2011,2
2009,3,2012,1
2009,2,2012,2
2011,1,2014,1
2012,1,2014,2
2018,0,2021,1
2019,0,2021,2
2019,0,2021,3
2019,0,2021,4
2019,0,2021,5
2018,0,2022,1
2018,0,2022,2
2019,0,2022,3
2019,0,2022,4
2019,0,2022,5
2022,1,2024,1
2021,1,2024,2
2027,0,2029,1
2027,0,2029,2
2027,0,2029,3
2027,0,2029,4
2027,0,2029,5
2027,0,2029,6
2027,0,2029,7
2027,0,2029,8
2029,4,2031,1
2029,1,2031,2
2029,3,2032,1
2029,2,2032,2
2031,1,2034,1
2032,1,2034,2
2037,0,2039,1
2037,0,2039,2
2037,0,2039,3
2037,0,2039,4
2037,0,2039,5
2037,0,2039,6
2037,0,2039,7
2037,0,2039,8
2037,0,2039,9
2037,0,2039,10
2037,0,2039,11
2037,0,2039,12
2039,4,2041,1
2039,1,2041,2
2039,3,2042,1
2039,2,2042,2
2041,1,2044,1
2042,1,2044,2
2047,0,2049,1
2047,0,2049,2
2047,0,2049,3
2047,0,2049,4
2047,0,2049,5
2047,0,2049,6
2047,0,2049,7
2047,0,2049,8
2047,0,2049,9
2047,0,2049,10
2049,4,2051,1
2049,1,2051,2
2049,3,2052,1
2049,2,2052,2
2051,1,2054,1
2052,1,2054,2
2058,0,2060,1
2058,0,2060,2
2058,0,2060,3
2058,0,2060,4
2058,0,2060,5
2058,0,2060,6
2058,0,2060,7
2058,0,2060,8
2058,0,2060,9
2058,0,2060,10
2060,4,2062,1
2060,1,2062,2
2060,3,2063,1
2060,2,2063,2
2062,1,2065,1
2063,1,2065,2
2068,0,2070,1
2068,0,2070,2
2068,0,2070,3
2068,0,2070,4
2068,0,2070,5
2068,0,2070,6
2068,0,2070,7
2068,0,2070,8
2068,0,2070,9
2068,0,2070,10
2068,0,2070,11
2068,0,2070,12
2068,0,2070,13
2068,0,2070,14
2068,0,2070,15
2068,0,2070,16
2070,1,2072,1
2070,8,2072,2
2070,2,2073,1
2070,7,2073,2
2070,3,2074,1
2070,6,2074,2
2070,4,2075,1
2070,5,2075,2
2072,1,2077,1
2073,1,2077,2
2074,1,2078,1
2075,1,2078,2
2077,1,2080,1
2078,1,2080,2
2083,0,2085,1
2083,0,2085,2
2083,0,2085,3
2083,0,2085,4
2083,0,2085,5
2083,0,2085,6
2083,0,2085,7
2083,0,2085,8
2083,0,2085,9
2083,0,2085,10
2083,0,2085,11
2083,0,2085,12
2083,0,2085,13
2083,0,2085,14
2083,0,2085,15
2083,0,2085,16
2085,1,2087,1
2085,8,2087,2
2085,2,2088,1
2085,7,2088,2
2085,3,2089,1
2085,6,2089,2
2085,4,2090,1
2085,5,2090,2
2087,1,2092,1
2088,1,2092,2
2089,1,2093,1
2090,1,2093,2
2092,1,2095,1
2093,1,2095,2
2098,0,2100,1
2098,0,2100,2
2098,0,2100,3
2098,0,2100,4
2098,0,2100,5
2098,0,2100,6
2098,0,2100,7
2098,0,2100,8
2098,0,2100,9
2098,0,2100,10
2098,0,2100,11
2098,0,2100,12
2098,0,2100,13
2098,0,2100,14
2098,0,2100,15
2098,0,2100,16
2100,1,2102,1
2100,8,2102,2
2100,2,2103,1
2100,7,2103,2
2100,3,2104,1
2100,6,2104,2
2100,4,2105,1
2100,5,2105,2
2102,1,2107,1
2103,1,2107,2
2104,1,2108,1
2105,1,2108,2
2107,1,2110,1
2108,1,2110,2
2113,0,2115,1
2113,0,2115,2
2113,0,2115,3
2113,0,2115,4
2113,0,2115,5
2113,0,2115,6
2113,0,2115,7
2113,0,2115,8
2113,0,2115,9
2113,0,2115,10
2113,0,2115,11
2113,0,2115,12
2113,0,2115,13
2113,0,2115,14
2113,0,2115,15
2113,0,2115,16
2115,1,2117,1
2115,8,2117,2
2115,2,2118,1
2115,7,2118,2
2115,3,2119,1
2115,6,2119,2
2115,4,2120,1
2115,5,2120,2
2117,1,2122,1
2118,1,2122,2
2119,1,2123,1
2120,1,2123,2
2122,1,2125,1
2123,1,2125,2
2128,0,2131,1
2129,0,2131,2
2129,0,2131,3
2129,0,2131,4
2128,0,2132,1
2129,0,2132,2
2129,0,2132,3
2129,0,2132,4
2128,0,2133,1
2129,0,2133,2
2129,0,2133,3
2129,0,2133,4
2131,1,2135,1
2132,1,2135,2
2133,1,2135,3
2131,2,2136,1
2132,2,2136,2
2133,2,2136,3
2131,3,2137,1
2132,3,2137,2
2133,3,2137,3
2131,4,2138,1
2132,4,2138,2
2133,4,2138,3
2136,1,2140,1
2135,1,2140,2
2135,3,2141,1
2135,2,2141,2
2137,1,2143,1
2137,2,2143,2
2136,3,2144,1
2136,2,2144,2
2143,1,2146,1
2144,1,2146,2
2140,1,2148,1
2141,1,2148,2
2151,0,2153,1
2151,0,2153,2
2151,0,2153,3
2151,0,2153,4
2151,0,2153,5
2151,0,2153,6
2151,0,2153,7
2151,0,2153,8
2151,0,2153,9
2151,0,2154,1
2151,0,2154,2
2151,0,2154,3
2151,0,2154,4
2151,0,2154,5
2151,0,2154,6
2151,0,2154,7
2151,0,2154,8
2151,0,2154,9
2153,2,2156,1
2154,1,2156,2
2154,2,2157,1
2153,1,2157,2
2156,1,2159,1
2157,1,2159,2
2162,0,2164,1
2162,0,2164,2
2162,0,2164,3
2162,0,2164,4
2162,0,2164,5
2162,0,2164,6
2162,0,2165,1
2162,0,2165,2
2162,0,2165,3
2162,0,2165,4
2162,0,2165,5
2162,0,2165,6
2164,5,2167,1
2164,6,2167,2
2165,5,2167,3
2165,6,2167,4
2165,4,2169,1
2164,3,2169,2
2164,4,2170,1
2165,3,2170,2
2164,2,2172,1
2165,1,2172,2
2165,2,2173,1
2164,1,2173,2
2169,1,2175,1
2170,1,2175,2
2172,1,2177,1
2173,1,2177,2
2180,0,2182,1
2180,0,2182,2
2180,0,2182,3
2180,0,2182,4
2180,0,2182,5
2180,0,2182,6
2180,0,2182,7
2180,0,2182,8
2180,0,2182,9
2180,0,2182,10
2180,0,2183,1
2180,0,2183,2
2180,0,2183,3
2180,0,2183,4
2180,0,2183,5
2180,0,2183,6
2180,0,2183,7
2180,0,2183,8
2180,0,2183,9
2180,0,2183,10
2182,2,2185,1
2183,1,2185,2
2183,2,2186,1
2182,1,2186,2
2185,1,2188,1
2186,1,2188,2
2191,0,2193,1
2191,0,2193,2
2191,0,2193,3
2191,0,2193,4
2191,0,2193,5
2191,0,2193,6
2191,0,2194,1
2191,0,2194,2
2191,0,2194,3
2191,0,2194,4
2191,0,2194,5
2191,0,2194,6
2191,0,2195,1
2191,0,2195,2
2191,0,2195,3
2191,0,2195,4
2191,0,2195,5
2191,0,2195,6
2191,0,2196,1
2191,0,2196,2
2191,0,2196,3
2191,0,2196,4
2191,0,2196,5
2191,0,2196,6
2196,2,2198,1
2193,1,2198,2
2195,2,2199,1
2194,1,2199,2
2194,2,2200,1
2195,1,2200,2
2193,2,2201,1
2196,1,2201,2
2198,1,2203,1
2199,1,2203,2
2200,1,2204,1
2201,1,2204,2
2203,1,2206,1
2204,1,2206,2
2210,0,2212,1
2210,0,2212,2
2210,0,2212,3
2210,0,2212,4
2210,0,2212,5
2210,0,2212,6
2210,0,2212,7
2210,0,2212,8
2212,4,2214,1
2212,1,2214,2
2212,3,2215,1
2212,2,2215,2
2214,1,2217,1
2215,1,2217,2
2220,0,2222,1
2220,0,2222,2
2220,0,2222,3
2220,0,2222,4
2220,0,2222,5
2220,0,2222,6
2220,0,2222,7
2220,0,2222,8
2222,4,2224,1
2222,1,2224,2
2222,3,2225,1
2222,2,2225,2
2224,1,2227,1
2225,1,2227,2
2230,0,2232,1
2230,0,2232,2
2230,0,2232,3
2230,0,2232,4
2230,0,2232,5
2230,0,2232,6
2230,0,2232,7
2230,0,2232,8
2232,4,2234,1
2232,1,2234,2
2232,3,2235,1
2232,2,2235,2
2234,1,2237,1
2235,1,2237,2
