1
63
99
117
130
175
192
195
247
280
314
320
323
326
329
332
335
338
479
594
597
600
603
606
679
682
685
688
691
761
764
767
775
778
840
844
847
850
853
859
926
932
935
938
946
949
1023
1027
1031
1035
1041
1047
1053
1059
1063
1069
1075
1079
1083
1087
1127
1142
1161
1190
1193
1219
1223
1227
1231
1235
1239
1242
1261
1264
1314
1367
1385
1393
1466
1470
1474
1615
1618
1624
1634
1690
1693
1696
1715
1734
1738
1742
1746
1750
1754
1758
1774
1781
1791
1806
1819
1829
1839
1847
1854
1864
1874
1881
1889
1900
1911
1923
1934
1944
1955
1965
1975
1985
1995
2005
2016
2025
2035
2045
2056
2066
2081
2096
2111
2126
2149
2160
2178
2189
2208
2218
2228
