117,0,1337
117,1,1325
117,2,1328
117,3,1331
117,4,1362
117,5,1335
117,6,105035
117,7,1318
117,8,1367
117,9,1353
117,10,1354
117,11,1352
117,12,1364
117,13,1343
117,14,1330
117,15,1338
195,0,73
195,1,44
195,2,1
195,3,241
195,4,243
195,5,2
195,6,22
195,7,21
247,0,18
247,1,11
247,2,448
247,3,918
280,0,5
314,0,280
314,1,1884
314,2,393
314,3,278
314,4,736
323,0,9
323,1,1
323,2,10
323,3,5
323,4,13
323,5,2
323,6,14
338,0,1799
479,0,13
594,0,73
594,1,219
594,2,69
594,3,72
594,4,65
594,5,66
594,6,76
606,0,73
679,0,21
679,1,32
679,2,1824
679,3,22
679,4,25
679,5,169
679,6,112172
691,0,22
691,1,1824
761,0,48
761,1,44
761,2,39
761,3,45
761,4,52
761,5,110374
761,6,46
778,0,189
778,1,47
840,0,247
840,1,245
840,2,246
840,3,1903
840,4,1906
840,5,1908
844,0,237
844,1,234
844,2,236
844,3,1896
844,4,1438
844,5,1887
844,6,100741
859,0,237
926,0,78
926,1,86
926,2,80
926,3,181
926,4,77
932,0,241
932,1,243
932,2,240
932,3,448
932,4,483
932,5,449
932,6,450
949,0,241
949,1,243
1023,0,325
1023,1,326
1023,2,748
1023,3,327
1023,4,101014
1023,5,121174
1027,0,873
1027,1,110745
1027,2,114326
1027,3,110747
1027,4,1871
1031,0,112072
1031,1,708
1031,2,319
1031,3,710
1031,4,433
1035,0,896
1035,1,898
1035,2,900
1035,3,10032
1035,4,1862
1041,0,209
1041,1,191
1041,2,256
1041,3,111822
1041,4,254
1047,0,2014
1047,1,231
1047,2,673
1047,3,229
1047,4,230
1053,0,100761
1053,1,114385
1053,2,308
1053,3,110751
1053,4,130353
1059,0,130015
1059,1,112385
1059,2,101059
1059,3,111128
1059,4,101048
1063,0,266
1063,1,110468
1063,2,110464
1063,3,267
1063,4,100142
1069,0,819
1069,1,1516
1069,2,269
1069,3,1786
1069,4,1788
1075,0,918
1075,1,919
1075,2,300
1075,3,298
1075,4,417
1079,0,834
1079,1,306
1079,2,423
1079,3,445
1079,4,1571
1083,0,130017
1083,1,263
1083,2,100132
1083,3,100133
1083,4,130456
1087,0,1878
1087,1,101112
1087,2,112893
1087,3,1970
1127,0,1386
1127,1,1387
1127,2,1383
1127,3,111475
1127,4,111548
1127,5,111113
1127,6,111481
1127,7,111484
1142,0,1882
1142,1,1879
1142,2,1032
1142,3,1878
1161,0,112893
1161,1,697
1161,2,112134
1161,3,121439
1190,0,1415
1190,1,1411
1190,2,974
1190,3,111527
1190,4,1413
1190,5,111114
1190,6,111115
1190,7,111473
1193,0,112387
1193,1,111730
1193,2,605
1193,3,112139
1219,0,130044
1219,1,110955
1219,2,116360
1223,0,101147
1223,1,101145
1223,2,113162
1227,0,130223
1227,1,980
1227,2,1474
1231,0,607
1231,1,605
1231,2,112139
1235,0,111733
1235,1,112234
1235,2,112094
1239,0,1370
1239,1,1369
1239,2,1377
1239,3,111109
1239,4,111459
1239,5,111465
1264,0,110395
1264,1,1035
1314,0,1043
1314,1,383
1314,2,101085
1314,3,120073
1367,0,110580
1367,1,120124
1367,2,101083
1367,3,130225
1367,4,130160
1367,5,1013
1367,6,120136
1367,7,111715
1367,8,101085
1367,9,1876
1367,10,120110
1367,11,111708
1367,12,110093
1367,13,110580
1367,14,101088
1393,0,1877
1466,0,110975
1466,1,112709
1466,2,111327
1466,3,112116
1466,4,101097
1466,5,111328
1466,6,110980
1466,7,112531
1470,0,101101
1470,1,101104
1470,2,111722
1470,3,101103
1470,4,101105
1470,5,120115
1470,6,101100
1470,7,112526
1474,0,1041
1615,0,1043
1615,1,568
1615,2,567
1615,3,383
1615,4,1041
1615,5,113163
1615,6,517
1615,7,1598
1615,8,1035
1615,9,598
1615,10,1629
1615,11,123921
1615,12,569
1615,13,1053
1615,14,1039
1696,0,120002
1696,1,130101
1715,0,1598
1734,0,120029
1734,1,120030
1734,2,120027
1734,3,130196
1734,4,120033
1734,5,130013
1734,6,120023
1734,7,120022
1738,0,120041
1738,1,120037
1738,2,120039
1738,3,130543
1738,4,120043
1738,5,120038
1738,6,120040
1738,7,120048
1742,0,120073
1742,1,120071
1742,2,120065
1742,3,120076
1742,4,120066
1742,5,130199
1742,6,120067
1742,7,120068
1746,0,120062
1746,1,120057
1746,2,120059
1746,3,120049
1746,4,120054
1746,5,113067
1746,6,120052
1746,7,120055
1750,0,120079
1750,1,130903
1750,2,130202
1750,3,120086
1750,4,120047
1750,5,130038
1750,6,120042
1750,7,120082
1754,0,115693
1754,1,120095
1754,2,120098
1754,3,120092
1754,4,130197
1754,5,120093
1754,6,120094
1754,7,120099
1758,0,1395
1758,1,1393
1758,2,1667
1758,3,111448
1758,4,1391
1758,5,111111
1758,6,111462
1758,7,111130
1758,8,111112
1758,9,111099
1774,0,130024
1774,1,113104
1781,0,1598
1781,1,1719
1781,2,130084
1781,3,105526
1781,4,130171
1781,5,131000
1781,6,130192
1781,7,130078
1781,8,130168
1781,9,130086
1791,0,111059
1791,1,111052
1791,2,130107
1791,3,130100
1791,4,130087
1791,5,130322
1791,6,130413
1791,7,130412
1791,8,120444
1791,9,130260
1806,0,111057
1806,1,111050
1806,2,130286
1806,3,111058
1806,4,130033
1806,5,130301
1806,6,130134
1806,7,130220
1819,0,1477
1819,1,130378
1819,2,130383
1819,3,130019
1819,4,130380
1819,5,130381
1819,6,120426
1819,7,130379
1819,8,130105
1819,9,130325
1829,0,130219
1829,1,130102
1829,2,130242
1829,3,130074
1829,4,120008
1829,5,130212
1829,6,130213
1829,7,130264
1829,8,130094
1829,9,130079
1839,0,130282
1839,1,113080
1839,2,130396
1839,3,130350
1839,4,130461
1839,5,113150
1839,6,130348
1839,7,130278
1839,8,130462
1839,9,130261
1847,0,120005
1847,1,120017
1854,0,120015
1854,1,120004
1864,0,111704
1864,1,130022
1874,0,130126
1874,1,130300
1881,0,130072
1881,1,113154
1889,0,113116
1889,1,130021
1889,2,111044
1889,3,1039
1889,4,130121
1889,5,130036
1889,6,130319
1889,7,113119
1889,8,130108
1889,9,105521
1889,10,130419
1889,11,130342
1900,0,130326
1900,1,112476
1900,2,130118
1900,3,113121
1900,4,120414
1900,5,130020
1900,6,111046
1900,7,111976
1900,8,130120
1900,9,111045
1900,10,111054
1900,11,130425
1911,0,1629
1911,1,1048
1911,2,111041
1911,3,130025
1911,4,105530
1911,5,120003
1911,6,130137
1911,7,113146
1911,8,130347
1911,9,130549
1911,10,130135
1911,11,120425
1923,0,130246
1923,1,130392
1923,2,130303
1923,3,130117
1923,4,130460
1923,5,130335
1923,6,130252
1923,7,113135
1923,8,130029
1923,9,105531
1923,10,113007
1923,11,130173
1923,12,130274
1923,13,113013
1923,14,130058
1923,15,120429
1934,0,111048
1934,1,130324
1934,2,130138
1934,3,130109
1934,4,130470
1934,5,130469
1934,6,130468
1934,7,113117
1934,8,130308
1934,9,113115
1944,0,130059
1944,1,110548
1944,2,130277
1944,3,105528
1944,4,130465
1944,5,130467
1944,6,130466
1944,7,113120
1944,8,130119
1944,9,130206
1955,0,130190
1955,1,112119
1955,2,120016
1955,3,111042
1955,4,130406
1955,5,105501
1955,6,130245
1955,7,130103
1955,8,130368
1955,9,120435
1955,10,130423
1955,11,120440
1965,0,130122
1965,1,120006
1975,0,130101
1975,1,130159
1985,0,130332
1995,0,113152
1995,1,130448
2005,0,130329
2005,1,120428
2005,2,105523
2005,3,120439
2005,4,130012
2005,5,130113
2005,6,130321
2005,7,130445
2016,0,130285
2016,1,130114
2025,0,130623
2025,1,130337
2035,0,130026
2035,1,120002
2035,2,130115
2035,3,130367
2035,4,130011
2035,5,130097
2035,6,111727
2035,7,130338
2035,8,110540
2035,9,130432
2035,10,130123
2035,11,120000
2045,0,111701
2045,1,130298
2045,2,130158
2045,3,130191
2045,4,130208
2045,5,130310
2045,6,130334
2045,7,130372
2045,8,113165
2045,9,130463
2056,0,130141
2056,1,130203
2066,0,383
2066,1,130045
2066,2,1041
2066,3,598
2066,4,1053
2066,5,111292
2066,6,113172
2066,7,123921
2066,8,111049
2066,9,130028
2066,10,113163
2066,11,130162
2066,12,130046
2066,13,130130
2066,14,130150
2066,15,111043
2081,0,130081
2081,1,113101
2081,2,113105
2081,3,130146
2081,4,120020
2081,5,130241
2081,6,130148
2081,7,123922
2081,8,120001
2081,9,111293
2081,10,130149
2081,11,130091
2081,12,130064
2081,13,130132
2081,14,130314
2081,15,113167
2096,0,130151
2096,1,130128
2096,2,130294
2096,3,113103
2096,4,113107
2096,5,113130
2096,6,130131
2096,7,130066
2096,8,130295
2096,9,130018
2096,10,130177
2096,11,130147
2096,12,130247
2096,13,983
2096,14,123923
2096,15,130296
2111,0,130088
2111,1,105511
2111,2,1789
2111,3,130142
2111,4,130358
2111,5,130363
2111,6,130144
2111,7,105533
2111,8,130365
2111,9,113102
2111,10,130356
2111,11,130127
2111,12,130317
2111,13,130361
2111,14,105520
2111,15,130403
2126,0,568
2126,1,1035
2126,2,112001
2126,3,120432
2126,4,130385
2126,5,113113
2126,6,130023
2126,7,130062
2126,11,130388
2126,8,130377
2126,9,130063
2126,10,130387
2149,0,105529
2149,1,105527
2149,2,130420
2149,3,130089
2149,4,120018
2149,5,130384
2149,6,113111
2149,7,113136
2149,8,130090
2149,9,105532
2149,10,130112
2149,11,130289
2149,12,130320
2149,13,130390
2149,14,130386
2149,15,120019
2149,16,130389
2149,17,130464
2160,0,1043
2160,1,567
2160,2,569
2160,3,120011
2160,4,113022
2160,5,120433
2160,6,130065
2160,7,517
2160,8,110549
2160,9,120409
2160,10,130184
2160,11,130270
2178,0,113016
2178,1,130164
2178,2,130042
2178,3,120441
2178,4,113055
2178,5,120007
2178,6,130186
2178,7,130183
2178,8,123917
2178,9,130318
2178,10,113145
2178,11,105517
2178,12,130176
2178,13,130075
2178,14,130382
2178,15,130116
2178,16,120010
2178,17,130047
2178,18,130185
2178,19,130187
2189,3,112077
2189,5,130357
2189,7,105503
2189,0,130133
2189,1,130315
2189,2,105519
2189,4,130145
2189,6,130110
2189,8,130355
2189,9,130292
2189,10,130359
2189,11,120012
2189,12,130316
2189,13,130366
2189,14,113169
2189,15,130129
2189,16,130143
2189,17,130240
2189,18,130293
2189,19,130291
2189,20,130360
2189,21,130230
2189,22,130407
2189,23,130397
2208,0,130256
2208,1,130209
2218,0,120438
2228,0,130139
2228,1,110378
