3,0
3,1
3,2
3,3
3,4
3,5
3,6
3,7
3,8
3,9
4,0
4,1
4,2
4,3
4,4
4,5
4,6
4,7
5,0
5,1
5,2
5,3
5,4
5,5
5,6
5,7
6,0
6,1
6,2
6,3
6,4
6,5
6,6
6,7
6,8
6,9
6,10
6,11
6,12
6,13
6,14
6,15
7,0
7,1
7,2
7,3
7,4
7,5
9,0
9,1
9,2
9,3
10,0
10,1
10,2
10,3
11,0
11,1
11,2
11,3
12,0
12,1
12,2
12,3
13,0
13,1
13,2
13,3
14,0
14,1
14,2
14,3
15,0
15,1
15,2
15,3
16,0
16,1
16,2
16,3
17,0
17,1
17,2
17,3
18,0
18,1
18,2
18,3
19,0
19,1
19,2
19,3
20,0
20,1
20,2
20,3
22,0
22,1
22,2
22,3
22,4
22,5
22,6
22,7
22,8
22,9
22,10
22,11
24,0
24,1
24,2
24,3
24,4
24,5
24,6
24,7
26,0
26,1
27,0
27,1
28,0
28,1
29,0
29,1
30,0
30,1
31,0
31,1
32,0
32,1
33,0
33,1
34,0
34,1
35,0
35,1
36,0
36,1
37,0
37,1
38,0
38,1
39,0
39,1
40,0
40,1
41,0
41,1
43,0
43,1
44,0
44,1
45,0
45,1
46,0
46,1
47,0
47,1
48,0
48,1
49,0
49,1
50,0
50,1
52,0
52,1
53,0
53,1
54,0
54,1
55,0
55,1
57,0
57,1
58,0
58,1
60,0
60,1
62,0
62,1
65,0
65,1
65,2
65,3
65,4
65,5
65,6
65,7
65,8
65,9
65,10
65,11
65,12
65,13
65,14
65,15
65,16
65,17
65,18
65,19
65,20
65,21
65,22
65,23
65,24
65,25
66,0
67,0
68,0
68,1
68,2
68,3
70,0
70,1
70,2
70,3
71,0
71,1
71,2
71,3
72,0
72,1
72,2
72,3
73,0
73,1
73,2
73,3
74,0
74,1
74,2
74,3
75,0
75,1
75,2
75,3
76,0
76,1
76,2
76,3
77,0
77,1
77,2
77,3
79,0
79,1
80,0
80,1
81,0
81,1
82,0
82,1
83,0
83,1
84,0
84,1
85,0
85,1
86,0
86,1
88,0
88,1
89,0
89,1
90,0
90,1
91,0
91,1
93,0
93,1
94,0
94,1
96,0
96,1
98,0
98,1
101,0
102,0
103,0
104,0
105,0
106,0
108,0
108,1
110,0
110,1
111,0
111,1
113,0
113,1
115,0
115,1
119,0
119,1
119,2
119,3
119,4
119,5
120,0
120,1
120,2
120,3
120,4
120,5
120,6
120,7
120,8
120,9
120,10
121,0
121,1
121,2
121,3
121,4
121,5
121,6
121,7
121,8
121,9
121,10
121,11
121,12
121,13
121,14
121,15
123,0
123,1
123,2
123,3
123,4
123,5
124,0
124,1
124,2
124,3
124,4
125,0
125,1
125,2
125,3
125,4
125,5
125,6
125,7
125,8
125,9
125,10
125,11
125,12
125,13
125,14
125,15
125,16
125,17
125,18
125,19
125,20
127,0
127,1
127,2
127,3
127,4
127,5
127,6
127,7
127,8
129,0
129,1
129,2
129,3
129,4
129,5
132,0
132,1
132,2
132,3
132,4
132,5
132,6
132,7
133,0
133,1
133,2
133,3
133,4
133,5
133,6
133,7
134,0
134,1
134,2
134,3
134,4
134,5
134,6
134,7
135,0
135,1
135,2
135,3
135,4
135,5
135,6
135,7
137,0
137,1
138,0
138,1
139,0
139,1
140,0
140,1
141,0
141,1
142,0
142,1
143,0
143,1
144,0
144,1
146,0
146,1
146,2
146,3
147,0
147,1
147,2
147,3
148,0
148,1
148,2
148,3
149,0
149,1
149,2
149,3
150,0
150,1
150,2
150,3
151,0
151,1
151,2
151,3
153,0
153,1
153,2
153,3
153,4
153,5
155,0
155,1
156,0
156,1
157,0
157,1
158,0
158,1
159,0
159,1
160,0
160,1
161,0
161,1
162,0
162,1
164,0
164,1
165,0
165,1
166,0
166,1
167,0
167,1
169,0
169,1
170,0
170,1
172,0
172,1
174,0
174,1
177,0
177,1
177,2
177,3
177,4
177,5
178,0
178,1
178,2
178,3
178,4
178,5
178,6
178,7
178,8
178,9
178,10
179,0
179,1
179,2
179,3
179,4
179,5
179,6
179,7
179,8
179,9
179,10
179,11
179,12
179,13
179,14
181,0
181,1
181,2
181,3
181,4
181,5
181,6
181,7
182,0
182,1
182,2
182,3
182,4
182,5
182,6
182,7
183,0
183,1
183,2
183,3
183,4
183,5
183,6
183,7
184,0
184,1
184,2
184,3
184,4
184,5
184,6
184,7
186,0
186,1
187,0
187,1
189,0
189,1
191,0
191,1
194,0
194,1
197,0
197,1
198,0
198,1
198,2
198,3
198,4
199,0
199,1
199,2
199,3
199,4
200,0
200,1
200,2
200,3
200,4
201,0
201,1
201,2
201,3
201,4
202,0
202,1
202,2
202,3
202,4
203,0
203,1
203,2
203,3
203,4
204,0
204,1
204,2
204,3
204,4
205,0
205,1
205,2
205,3
205,4
206,0
206,1
206,2
206,3
206,4
207,0
207,1
207,2
207,3
207,4
208,0
208,1
208,2
208,3
208,4
209,0
209,1
209,2
209,3
209,4
210,0
210,1
210,2
210,3
210,4
211,0
211,1
211,2
211,3
211,4
212,0
212,1
212,2
212,3
212,4
213,0
213,1
213,2
213,3
213,4
214,0
214,1
214,2
214,3
214,4
215,0
215,1
215,2
215,3
215,4
215,5
215,6
216,0
216,1
216,2
216,3
216,4
216,5
216,6
216,7
216,8
216,9
216,10
216,11
216,12
216,13
216,14
216,15
216,16
216,17
216,18
216,19
216,20
216,21
216,22
216,23
216,24
216,25
216,26
216,27
216,28
216,29
218,0
218,1
218,2
218,3
218,4
218,5
218,6
218,7
218,8
218,9
218,10
218,11
218,12
218,13
218,14
218,15
218,16
218,17
218,18
218,19
218,20
218,21
218,22
218,23
218,24
218,25
218,26
218,27
218,28
218,29
218,30
218,31
218,32
218,33
218,34
218,35
220,0
220,1
221,0
221,1
222,0
222,1
223,0
223,1
224,0
224,1
225,0
225,1
226,0
226,1
227,0
227,1
229,0
229,1
230,0
230,1
231,0
231,1
232,0
232,1
233,0
233,1
234,0
234,1
235,0
235,1
236,0
236,1
238,0
238,1
239,0
239,1
240,0
240,1
241,0
241,1
243,0
243,1
244,0
244,1
246,0
246,1
251,0
251,1
251,2
251,3
251,4
251,5
251,6
251,7
251,8
251,9
251,10
251,11
251,12
251,13
251,14
251,15
251,16
251,17
251,18
251,19
251,20
251,21
251,22
251,23
251,24
251,25
251,26
251,27
251,28
251,29
251,30
251,31
251,32
251,33
251,34
251,35
253,0
253,1
254,0
254,1
255,0
255,1
256,0
256,1
257,0
257,1
258,0
258,1
259,0
259,1
260,0
260,1
262,0
262,1
263,0
263,1
264,0
264,1
265,0
265,1
266,0
266,1
267,0
267,1
268,0
268,1
269,0
269,1
271,0
271,1
272,0
272,1
273,0
273,1
274,0
274,1
276,0
276,1
277,0
277,1
279,0
279,1
284,0
284,1
284,2
284,3
284,4
284,5
284,6
284,7
284,8
284,9
284,10
284,11
284,12
284,13
284,14
284,15
284,16
284,17
284,18
284,19
284,20
284,21
284,22
284,23
284,24
284,25
284,26
284,27
284,28
284,29
284,30
284,31
284,32
284,33
284,34
284,35
286,0
286,1
287,0
287,1
288,0
288,1
289,0
289,1
290,0
290,1
291,0
291,1
292,0
292,1
293,0
293,1
295,0
295,1
296,0
296,1
297,0
297,1
298,0
298,1
299,0
299,1
300,0
300,1
301,0
301,1
302,0
302,1
304,0
304,1
305,0
305,1
306,0
306,1
307,0
307,1
309,0
309,1
310,0
310,1
312,0
312,1
316,0
316,1
316,2
316,3
316,4
316,5
316,6
316,7
316,8
316,9
316,10
316,11
316,12
316,13
318,0
318,1
318,2
318,3
318,4
318,5
322,0
322,1
325,0
325,1
325,2
325,3
325,4
325,5
325,6
325,7
325,8
325,9
325,10
325,11
325,12
325,13
325,14
325,15
325,16
325,17
325,18
325,19
328,0
328,1
328,2
328,3
328,4
328,5
328,6
328,7
328,8
328,9
328,10
328,11
328,12
328,13
328,14
328,15
328,16
328,17
328,18
328,19
328,20
328,21
328,22
328,23
331,0
331,1
331,2
331,3
331,4
331,5
331,6
331,7
331,8
331,9
331,10
331,11
331,12
331,13
331,14
331,15
331,16
331,17
331,18
331,19
331,20
331,21
331,22
331,23
334,0
334,1
334,2
334,3
334,4
334,5
334,6
334,7
334,8
334,9
334,10
334,11
334,12
334,13
334,14
334,15
334,16
334,17
334,18
334,19
334,20
334,21
334,22
334,23
337,0
337,1
337,2
337,3
337,4
337,5
337,6
337,7
337,8
337,9
337,10
337,11
337,12
337,13
337,14
337,15
337,16
337,17
337,18
337,19
337,20
337,21
337,22
337,23
340,0
340,1
340,2
340,3
340,4
340,5
340,6
340,7
340,8
340,9
340,10
340,11
340,12
340,13
340,14
340,15
340,16
340,17
340,18
340,19
340,20
340,21
340,22
340,23
340,24
340,25
340,26
340,27
340,28
340,29
340,30
340,31
340,32
340,33
340,34
340,35
340,36
340,37
340,38
340,39
340,40
340,41
340,42
340,43
340,44
340,45
340,46
340,47
342,0
342,1
342,2
342,3
342,4
342,5
342,6
342,7
342,8
342,9
342,10
342,11
342,12
342,13
342,14
342,15
342,16
342,17
342,18
342,19
342,20
342,21
342,22
342,23
342,24
342,25
342,26
342,27
342,28
342,29
342,30
342,31
342,32
342,33
342,34
342,35
342,36
342,37
342,38
342,39
342,40
342,41
342,42
342,43
342,44
342,45
342,46
342,47
344,0
344,1
345,0
345,1
346,0
346,1
347,0
347,1
348,0
348,1
349,0
349,1
350,0
350,1
351,0
351,1
352,0
352,1
353,0
353,1
354,0
354,1
355,0
355,1
356,0
356,1
357,0
357,1
358,0
358,1
359,0
359,1
361,0
361,1
362,0
362,1
363,0
363,1
364,0
364,1
365,0
365,1
366,0
366,1
367,0
367,1
368,0
368,1
369,0
369,1
370,0
370,1
371,0
371,1
372,0
372,1
373,0
373,1
374,0
374,1
375,0
375,1
376,0
376,1
378,0
378,1
378,2
378,3
378,4
378,5
378,6
378,7
378,8
378,9
378,10
378,11
378,12
378,13
378,14
378,15
378,16
378,17
378,18
378,19
378,20
378,21
378,22
378,23
378,24
378,25
378,26
378,27
378,28
378,29
378,30
378,31
378,32
378,33
378,34
378,35
378,36
378,37
378,38
378,39
380,0
380,1
381,0
381,1
382,0
382,1
383,0
383,1
384,0
384,1
385,0
385,1
386,0
386,1
387,0
387,1
388,0
388,1
389,0
389,1
390,0
390,1
391,0
391,1
392,0
392,1
393,0
393,1
394,0
394,1
395,0
395,1
396,0
396,1
397,0
397,1
398,0
398,1
399,0
399,1
401,0
401,1
401,2
401,3
401,4
401,5
401,6
401,7
401,8
401,9
401,10
401,11
401,12
401,13
401,14
401,15
401,16
401,17
401,18
401,19
401,20
401,21
401,22
401,23
401,24
401,25
401,26
401,27
401,28
401,29
401,30
401,31
401,32
401,33
401,34
401,35
401,36
401,37
401,38
401,39
401,40
401,41
401,42
401,43
401,44
401,45
401,46
401,47
401,48
401,49
401,50
401,51
401,52
401,53
401,54
401,55
401,56
401,57
401,58
401,59
401,60
401,61
401,62
401,63
403,0
403,1
404,0
404,1
405,0
405,1
406,0
406,1
407,0
407,1
408,0
408,1
409,0
409,1
410,0
410,1
411,0
411,1
412,0
412,1
413,0
413,1
414,0
414,1
415,0
415,1
416,0
416,1
417,0
417,1
418,0
418,1
419,0
419,1
420,0
420,1
421,0
421,1
422,0
422,1
423,0
423,1
424,0
424,1
425,0
425,1
426,0
426,1
427,0
427,1
428,0
428,1
429,0
429,1
430,0
430,1
431,0
431,1
432,0
432,1
433,0
433,1
434,0
434,1
436,0
436,1
436,2
436,3
436,4
436,5
436,6
436,7
436,8
436,9
436,10
436,11
436,12
436,13
436,14
436,15
436,16
436,17
436,18
436,19
436,20
436,21
436,22
436,23
436,24
436,25
436,26
436,27
436,28
436,29
436,30
436,31
438,0
438,1
439,0
439,1
440,0
440,1
441,0
441,1
442,0
442,1
443,0
443,1
444,0
444,1
445,0
445,1
446,0
446,1
447,0
447,1
448,0
448,1
449,0
449,1
450,0
450,1
451,0
451,1
452,0
452,1
453,0
453,1
455,0
455,1
455,2
455,3
455,4
455,5
455,6
455,7
455,8
455,9
455,10
455,11
455,12
455,13
455,14
455,15
457,0
457,1
458,0
458,1
459,0
459,1
460,0
460,1
461,0
461,1
462,0
462,1
463,0
463,1
464,0
464,1
466,0
466,1
466,2
466,3
466,4
466,5
466,6
466,7
468,0
468,1
469,0
469,1
470,0
470,1
471,0
471,1
473,0
473,1
473,2
473,3
475,0
475,1
476,0
476,1
478,0
478,1
481,0
481,1
481,2
481,3
481,4
481,5
481,6
481,7
481,8
481,9
481,10
481,11
481,12
481,13
481,14
481,15
481,16
481,17
481,18
481,19
481,20
481,21
481,22
481,23
481,24
481,25
481,26
481,27
481,28
481,29
481,30
481,31
481,32
481,33
481,34
481,35
481,36
481,37
481,38
481,39
481,40
481,41
481,42
481,43
481,44
481,45
481,46
481,47
481,48
481,49
481,50
481,51
481,52
481,53
481,54
481,55
481,56
481,57
481,58
481,59
481,60
481,61
481,62
481,63
481,64
481,65
481,66
481,67
481,68
481,69
481,70
481,71
482,0
482,1
482,2
482,3
482,4
482,5
482,6
482,7
482,8
482,9
482,10
482,11
482,12
482,13
482,14
482,15
482,16
482,17
482,18
482,19
484,0
484,1
484,2
484,3
484,4
484,5
484,6
484,7
484,8
484,9
484,10
484,11
484,12
484,13
484,14
484,15
484,16
484,17
484,18
484,19
484,20
484,21
484,22
484,23
484,24
484,25
484,26
484,27
484,28
484,29
484,30
484,31
484,32
484,33
484,34
484,35
484,36
484,37
484,38
484,39
484,40
484,41
484,42
484,43
484,44
484,45
484,46
484,47
484,48
484,49
484,50
484,51
484,52
484,53
484,54
484,55
484,56
484,57
484,58
484,59
484,60
484,61
484,62
484,63
484,64
484,65
484,66
484,67
484,68
484,69
484,70
484,71
486,0
486,1
487,0
487,1
488,0
488,1
489,0
489,1
490,0
490,1
491,0
491,1
492,0
492,1
493,0
493,1
494,0
494,1
495,0
495,1
496,0
496,1
497,0
497,1
498,0
498,1
499,0
499,1
500,0
500,1
501,0
501,1
502,0
502,1
503,0
503,1
504,0
504,1
505,0
505,1
506,0
506,1
507,0
507,1
508,0
508,1
509,0
509,1
510,0
510,1
511,0
511,1
512,0
512,1
513,0
513,1
514,0
514,1
515,0
515,1
516,0
516,1
517,0
517,1
518,0
518,1
519,0
519,1
520,0
520,1
521,0
521,1
523,0
523,1
523,2
523,3
523,4
523,5
523,6
523,7
523,8
523,9
523,10
523,11
523,12
523,13
523,14
523,15
523,16
523,17
523,18
523,19
523,20
523,21
523,22
523,23
523,24
523,25
523,26
523,27
523,28
523,29
523,30
523,31
523,32
523,33
523,34
523,35
523,36
523,37
523,38
523,39
523,40
523,41
523,42
523,43
523,44
523,45
523,46
523,47
525,0
525,1
526,0
526,1
527,0
527,1
528,0
528,1
529,0
529,1
530,0
530,1
531,0
531,1
532,0
532,1
533,0
533,1
534,0
534,1
535,0
535,1
536,0
536,1
537,0
537,1
538,0
538,1
539,0
539,1
540,0
540,1
541,0
541,1
542,0
542,1
543,0
543,1
544,0
544,1
545,0
545,1
546,0
546,1
547,0
547,1
548,0
548,1
550,0
550,1
550,2
550,3
550,4
550,5
550,6
550,7
550,8
550,9
550,10
550,11
550,12
550,13
550,14
550,15
550,16
550,17
550,18
550,19
550,20
550,21
550,22
550,23
550,24
550,25
550,26
550,27
550,28
550,29
550,30
550,31
552,0
552,1
553,0
553,1
554,0
554,1
555,0
555,1
556,0
556,1
557,0
557,1
558,0
558,1
559,0
559,1
560,0
560,1
561,0
561,1
562,0
562,1
563,0
563,1
564,0
564,1
565,0
565,1
566,0
566,1
567,0
567,1
569,0
569,1
569,2
569,3
569,4
569,5
569,6
569,7
569,8
569,9
569,10
569,11
569,12
569,13
569,14
569,15
571,0
571,1
572,0
572,1
573,0
573,1
574,0
574,1
575,0
575,1
576,0
576,1
577,0
577,1
578,0
578,1
580,0
580,1
580,2
580,3
580,4
580,5
580,6
580,7
582,0
582,1
583,0
583,1
584,0
584,1
585,0
585,1
587,0
587,1
587,2
587,3
589,0
589,1
590,0
590,1
592,0
592,1
596,0
596,1
596,2
596,3
596,4
596,5
596,6
596,7
596,8
596,9
596,10
596,11
596,12
596,13
596,14
596,15
596,16
596,17
599,0
599,1
599,2
599,3
599,4
599,5
599,6
599,7
599,8
599,9
599,10
599,11
599,12
599,13
599,14
599,15
599,16
599,17
602,0
602,1
605,0
605,1
605,2
605,3
605,4
605,5
605,6
605,7
605,8
605,9
605,10
605,11
605,12
605,13
605,14
605,15
605,16
608,0
608,1
608,2
608,3
608,4
608,5
608,6
608,7
608,8
608,9
608,10
608,11
608,12
608,13
608,14
608,15
608,16
608,17
609,0
609,1
609,2
609,3
609,4
609,5
609,6
609,7
609,8
609,9
609,10
609,11
609,12
609,13
609,14
609,15
609,16
609,17
609,18
609,19
609,20
609,21
609,22
609,23
609,24
609,25
609,26
609,27
609,28
609,29
609,30
609,31
609,32
609,33
609,34
611,0
611,1
611,2
611,3
611,4
611,5
611,6
611,7
611,8
611,9
611,10
611,11
611,12
611,13
611,14
611,15
611,16
611,17
611,18
611,19
611,20
611,21
611,22
611,23
611,24
611,25
611,26
611,27
611,28
611,29
611,30
611,31
611,32
611,33
611,34
611,35
611,36
611,37
611,38
611,39
611,40
611,41
613,0
613,1
614,0
614,1
615,0
615,1
616,0
616,1
617,0
617,1
618,0
618,1
619,0
619,1
620,0
620,1
621,0
621,1
622,0
622,1
623,0
623,1
624,0
624,1
625,0
625,1
626,0
626,1
627,0
627,1
628,0
628,1
629,0
629,1
630,0
630,1
631,0
631,1
632,0
632,1
633,0
633,1
635,0
635,1
635,2
635,3
635,4
635,5
635,6
635,7
635,8
635,9
635,10
635,11
635,12
635,13
635,14
635,15
635,16
635,17
635,18
635,19
635,20
635,21
635,22
635,23
635,24
635,25
635,26
635,27
635,28
635,29
635,30
635,31
637,0
637,1
638,0
638,1
639,0
639,1
640,0
640,1
641,0
641,1
642,0
642,1
643,0
643,1
644,0
644,1
645,0
645,1
646,0
646,1
647,0
647,1
648,0
648,1
649,0
649,1
650,0
650,1
651,0
651,1
652,0
652,1
654,0
654,1
654,2
654,3
654,4
654,5
654,6
654,7
654,8
654,9
654,10
654,11
654,12
654,13
654,14
654,15
656,0
656,1
657,0
657,1
658,0
658,1
659,0
659,1
660,0
660,1
661,0
661,1
662,0
662,1
663,0
663,1
665,0
665,1
665,2
665,3
665,4
665,5
665,6
665,7
667,0
667,1
668,0
668,1
669,0
669,1
670,0
670,1
672,0
672,1
672,2
672,3
674,0
674,1
675,0
675,1
677,0
677,1
681,0
681,1
681,2
681,3
681,4
681,5
681,6
681,7
681,8
681,9
681,10
681,11
681,12
681,13
681,14
681,15
681,16
681,17
684,0
684,1
684,2
684,3
684,4
684,5
684,6
684,7
684,8
684,9
684,10
684,11
684,12
684,13
684,14
684,15
684,16
684,17
687,0
687,1
690,0
690,1
690,2
690,3
690,4
690,5
690,6
690,7
690,8
690,9
690,10
690,11
690,12
690,13
690,14
690,15
690,16
690,17
690,18
690,19
693,0
693,1
693,2
693,3
693,4
693,5
693,6
693,7
693,8
693,9
693,10
693,11
693,12
693,13
693,14
693,15
693,16
693,17
694,0
694,1
694,2
694,3
694,4
694,5
694,6
694,7
694,8
694,9
694,10
694,11
694,12
694,13
694,14
694,15
694,16
694,17
695,0
695,1
695,2
695,3
695,4
695,5
695,6
695,7
695,8
695,9
695,10
695,11
695,12
695,13
695,14
695,15
695,16
695,17
695,18
695,19
697,0
697,1
698,0
698,1
699,0
699,1
700,0
700,1
701,0
701,1
702,0
702,1
703,0
703,1
704,0
704,1
705,0
705,1
706,0
706,1
708,0
708,1
709,0
709,1
710,0
710,1
711,0
711,1
712,0
712,1
713,0
713,1
714,0
714,1
715,0
715,1
716,0
716,1
717,0
717,1
718,0
718,1
719,0
719,1
720,0
720,1
721,0
721,1
723,0
723,1
724,0
724,1
725,0
725,1
726,0
726,1
727,0
727,1
728,0
728,1
729,0
729,1
730,0
730,1
731,0
731,1
732,0
732,1
733,0
733,1
734,0
734,1
735,0
735,1
736,0
736,1
737,0
737,1
738,0
738,1
740,0
740,1
741,0
741,1
742,0
742,1
743,0
743,1
744,0
744,1
745,0
745,1
746,0
746,1
747,0
747,1
749,0
749,1
750,0
750,1
751,0
751,1
752,0
752,1
754,0
754,1
754,2
754,3
756,0
756,1
757,0
757,1
759,0
759,1
763,0
763,1
763,2
763,3
763,4
763,5
763,6
763,7
763,8
763,9
763,10
763,11
763,12
763,13
763,14
763,15
763,16
763,17
763,18
763,19
766,0
766,1
766,2
766,3
766,4
766,5
766,6
766,7
766,8
766,9
766,10
766,11
766,12
766,13
766,14
766,15
766,16
766,17
766,18
766,19
769,0
769,1
769,2
769,3
771,0
771,1
772,0
772,1
774,0
774,1
777,0
777,1
777,2
777,3
777,4
777,5
777,6
777,7
777,8
777,9
777,10
777,11
777,12
777,13
777,14
777,15
777,16
777,17
777,18
777,19
780,0
780,1
780,2
780,3
780,4
780,5
780,6
780,7
781,0
781,1
781,2
781,3
781,4
781,5
781,6
781,7
781,8
781,9
781,10
781,11
782,0
782,1
782,2
782,3
782,4
782,5
782,6
782,7
782,8
782,9
782,10
782,11
782,12
782,13
782,14
782,15
782,16
782,17
783,0
783,1
783,2
783,3
783,4
783,5
785,0
785,1
785,2
785,3
785,4
785,5
787,0
787,1
788,0
788,1
789,0
789,1
790,0
790,1
792,0
792,1
792,2
792,3
792,4
792,5
792,6
792,7
792,8
792,9
792,10
792,11
792,12
792,13
792,14
792,15
793,0
793,1
793,2
793,3
793,4
793,5
793,6
793,7
793,8
793,9
793,10
793,11
793,12
793,13
793,14
793,15
795,0
795,1
796,0
796,1
797,0
797,1
798,0
798,1
799,0
799,1
800,0
800,1
801,0
801,1
802,0
802,1
803,0
803,1
804,0
804,1
805,0
805,1
806,0
806,1
807,0
807,1
808,0
808,1
809,0
809,1
810,0
810,1
812,0
812,1
813,0
813,1
814,0
814,1
815,0
815,1
816,0
816,1
817,0
817,1
818,0
818,1
819,0
819,1
821,0
821,1
822,0
822,1
823,0
823,1
824,0
824,1
825,0
825,1
826,0
826,1
827,0
827,1
828,0
828,1
830,0
830,1
831,0
831,1
832,0
832,1
833,0
833,1
835,0
835,1
836,0
836,1
838,0
838,1
842,0
842,1
842,2
842,3
842,4
842,5
842,6
842,7
842,8
842,9
842,10
842,11
842,12
842,13
842,14
842,15
842,16
842,17
846,0
846,1
846,2
846,3
846,4
846,5
846,6
846,7
846,8
846,9
846,10
846,11
846,12
846,13
846,14
846,15
846,16
846,17
849,0
849,1
849,2
849,3
849,4
849,5
849,6
849,7
849,8
849,9
849,10
849,11
849,12
849,13
849,14
849,15
849,16
849,17
852,0
852,1
855,0
855,1
855,2
855,3
855,4
855,5
855,6
855,7
855,8
856,0
856,1
856,2
856,3
856,4
856,5
856,6
856,7
856,8
858,0
858,1
858,2
858,3
858,4
858,5
858,6
858,7
861,0
861,1
861,2
861,3
861,4
861,5
861,6
861,7
861,8
861,9
862,0
862,1
862,2
862,3
862,4
862,5
862,6
862,7
862,8
862,9
862,10
862,11
862,12
862,13
862,14
862,15
862,16
862,17
862,18
862,19
862,20
862,21
863,0
863,1
863,2
863,3
863,4
863,5
863,6
863,7
863,8
863,9
863,10
863,11
863,12
863,13
863,14
863,15
863,16
863,17
863,18
863,19
863,20
863,21
865,0
865,1
866,0
866,1
867,0
867,1
868,0
868,1
869,0
869,1
870,0
870,1
871,0
871,1
872,0
872,1
873,0
873,1
874,0
874,1
875,0
875,1
876,0
876,1
877,0
877,1
878,0
878,1
879,0
879,1
880,0
880,1
881,0
881,1
882,0
882,1
883,0
883,1
884,0
884,1
885,0
885,1
886,0
886,1
888,0
888,1
888,2
888,3
888,4
888,5
888,6
888,7
888,8
888,9
888,10
888,11
888,12
888,13
888,14
888,15
888,16
888,17
888,18
888,19
888,20
888,21
888,22
888,23
888,24
888,25
888,26
888,27
888,28
888,29
888,30
888,31
890,0
890,1
891,0
891,1
892,0
892,1
893,0
893,1
894,0
894,1
895,0
895,1
896,0
896,1
897,0
897,1
898,0
898,1
899,0
899,1
900,0
900,1
901,0
901,1
902,0
902,1
903,0
903,1
904,0
904,1
905,0
905,1
907,0
907,1
908,0
908,1
909,0
909,1
910,0
910,1
911,0
911,1
912,0
912,1
913,0
913,1
914,0
914,1
916,0
916,1
917,0
917,1
918,0
918,1
919,0
919,1
921,0
921,1
922,0
922,1
924,0
924,1
928,0
928,1
928,2
928,3
928,4
928,5
928,6
928,7
928,8
928,9
928,10
928,11
930,0
930,1
930,2
930,3
930,4
930,5
934,0
934,1
934,2
934,3
934,4
934,5
934,6
934,7
934,8
934,9
934,10
934,11
934,12
934,13
934,14
934,15
934,16
934,17
934,18
934,19
937,0
937,1
937,2
937,3
937,4
937,5
937,6
937,7
937,8
937,9
937,10
937,11
937,12
937,13
937,14
937,15
937,16
937,17
937,18
937,19
937,20
937,21
940,0
940,1
940,2
940,3
942,0
942,1
943,0
943,1
945,0
945,1
948,0
948,1
948,2
948,3
948,4
948,5
948,6
948,7
948,8
948,9
948,10
948,11
948,12
948,13
948,14
948,15
948,16
948,17
948,18
948,19
948,20
948,21
951,0
951,1
951,2
951,3
952,0
952,1
952,2
952,3
952,4
952,5
952,6
952,7
952,8
952,9
952,10
952,11
952,12
952,13
952,14
952,15
952,16
952,17
952,18
952,19
952,20
952,21
952,22
952,23
952,24
952,25
952,26
952,27
953,0
953,1
953,2
953,3
953,4
953,5
953,6
953,7
953,8
953,9
954,0
954,1
954,2
954,3
954,4
954,5
954,6
954,7
954,8
954,9
954,10
954,11
954,12
954,13
954,14
954,15
954,16
954,17
956,0
956,1
957,0
957,1
958,0
958,1
959,0
959,1
960,0
960,1
961,0
961,1
962,0
962,1
963,0
963,1
964,0
964,1
965,0
965,1
966,0
966,1
967,0
967,1
968,0
968,1
969,0
969,1
970,0
970,1
971,0
971,1
972,0
972,1
973,0
973,1
974,0
974,1
975,0
975,1
976,0
976,1
977,0
977,1
978,0
978,1
979,0
979,1
980,0
980,1
981,0
981,1
982,0
982,1
983,0
983,1
985,0
985,1
985,2
985,3
985,4
985,5
985,6
985,7
985,8
985,9
985,10
985,11
985,12
985,13
985,14
985,15
985,16
985,17
985,18
985,19
985,20
985,21
985,22
985,23
985,24
985,25
985,26
985,27
985,28
985,29
985,30
985,31
987,0
987,1
988,0
988,1
989,0
989,1
990,0
990,1
991,0
991,1
992,0
992,1
993,0
993,1
994,0
994,1
995,0
995,1
996,0
996,1
997,0
997,1
998,0
998,1
999,0
999,1
1000,0
1000,1
1001,0
1001,1
1002,0
1002,1
1004,0
1004,1
1005,0
1005,1
1006,0
1006,1
1007,0
1007,1
1008,0
1008,1
1009,0
1009,1
1010,0
1010,1
1011,0
1011,1
1013,0
1013,1
1014,0
1014,1
1015,0
1015,1
1016,0
1016,1
1018,0
1018,1
1019,0
1019,1
1021,0
1021,1
1025,0
1025,1
1025,2
1025,3
1025,4
1025,5
1025,6
1025,7
1025,8
1025,9
1025,10
1025,11
1025,12
1025,13
1025,14
1025,15
1025,16
1025,17
1029,0
1029,1
1029,2
1029,3
1029,4
1029,5
1029,6
1029,7
1029,8
1029,9
1029,10
1029,11
1029,12
1029,13
1029,14
1029,15
1029,16
1029,17
1033,0
1033,1
1033,2
1033,3
1033,4
1033,5
1033,6
1033,7
1033,8
1033,9
1033,10
1033,11
1033,12
1033,13
1033,14
1033,15
1037,0
1037,1
1037,2
1037,3
1037,4
1037,5
1037,6
1037,7
1037,8
1037,9
1037,10
1037,11
1039,0
1039,1
1039,2
1039,3
1039,4
1039,5
1043,0
1043,1
1043,2
1043,3
1043,4
1043,5
1043,6
1043,7
1043,8
1043,9
1043,10
1043,11
1045,0
1045,1
1045,2
1045,3
1045,4
1045,5
1049,0
1049,1
1049,2
1049,3
1049,4
1049,5
1049,6
1049,7
1049,8
1049,9
1049,10
1049,11
1049,12
1049,13
1049,14
1049,15
1051,0
1051,1
1051,2
1051,3
1051,4
1051,5
1055,0
1055,1
1055,2
1055,3
1055,4
1055,5
1055,6
1055,7
1055,8
1055,9
1055,10
1055,11
1055,12
1055,13
1055,14
1055,15
1057,0
1057,1
1057,2
1057,3
1057,4
1057,5
1061,0
1061,1
1061,2
1061,3
1061,4
1061,5
1061,6
1061,7
1061,8
1061,9
1061,10
1061,11
1061,12
1061,13
1061,14
1061,15
1065,0
1065,1
1065,2
1065,3
1065,4
1065,5
1065,6
1065,7
1065,8
1065,9
1065,10
1065,11
1065,12
1065,13
1065,14
1065,15
1067,0
1067,1
1067,2
1067,3
1067,4
1067,5
1071,0
1071,1
1071,2
1071,3
1071,4
1071,5
1071,6
1071,7
1071,8
1071,9
1071,10
1071,11
1073,0
1073,1
1073,2
1073,3
1073,4
1073,5
1077,0
1077,1
1077,2
1077,3
1077,4
1077,5
1077,6
1077,7
1077,8
1077,9
1077,10
1077,11
1077,12
1077,13
1077,14
1077,15
1081,0
1081,1
1081,2
1081,3
1081,4
1081,5
1081,6
1081,7
1081,8
1081,9
1085,0
1085,1
1085,2
1085,3
1085,4
1085,5
1085,6
1085,7
1085,8
1085,9
1089,0
1089,1
1089,2
1089,3
1089,4
1089,5
1089,6
1089,7
1090,0
1090,1
1090,2
1090,3
1090,4
1090,5
1090,6
1090,7
1090,8
1090,9
1090,10
1090,11
1090,12
1090,13
1090,14
1090,15
1090,16
1090,17
1090,18
1090,19
1090,20
1090,21
1090,22
1090,23
1092,0
1092,1
1093,0
1093,1
1094,0
1094,1
1095,0
1095,1
1096,0
1096,1
1097,0
1097,1
1098,0
1098,1
1099,0
1099,1
1100,0
1100,1
1101,0
1101,1
1102,0
1102,1
1103,0
1103,1
1104,0
1104,1
1105,0
1105,1
1106,0
1106,1
1107,0
1107,1
1109,0
1109,1
1110,0
1110,1
1111,0
1111,1
1112,0
1112,1
1113,0
1113,1
1114,0
1114,1
1115,0
1115,1
1116,0
1116,1
1118,0
1118,1
1119,0
1119,1
1120,0
1120,1
1121,0
1121,1
1123,0
1123,1
1124,0
1124,1
1126,0
1126,1
1129,0
1129,1
1130,0
1130,1
1130,2
1130,3
1130,4
1130,5
1130,6
1130,7
1130,8
1130,9
1130,10
1130,11
1132,0
1132,1
1132,2
1132,3
1132,4
1132,5
1132,6
1133,0
1133,1
1133,2
1133,3
1133,4
1133,5
1133,6
1135,0
1135,1
1136,0
1136,1
1138,0
1138,1
1140,0
1140,1
1144,0
1144,1
1144,2
1144,3
1144,4
1144,5
1144,6
1144,7
1144,8
1144,9
1144,10
1144,11
1144,12
1144,13
1144,14
1144,15
1144,16
1144,17
1146,0
1146,1
1147,0
1147,1
1149,0
1149,1
1150,0
1150,1
1151,0
1151,1
1152,0
1152,1
1154,0
1154,1
1155,0
1155,1
1157,0
1157,1
1159,0
1159,1
1163,0
1163,1
1163,2
1163,3
1163,4
1163,5
1163,6
1163,7
1163,8
1163,9
1163,10
1163,11
1163,12
1163,13
1163,14
1164,0
1164,1
1164,2
1164,3
1164,4
1164,5
1164,6
1164,7
1164,8
1164,9
1164,10
1164,11
1164,12
1164,13
1164,14
1166,0
1166,1
1167,0
1167,1
1168,0
1168,1
1169,0
1169,1
1170,0
1170,1
1171,0
1171,1
1174,0
1174,1
1175,0
1175,1
1177,0
1177,1
1178,0
1178,1
1180,0
1180,1
1181,0
1181,1
1183,0
1183,1
1184,0
1184,1
1186,0
1186,1
1188,0
1188,1
1192,0
1192,1
1192,2
1192,3
1192,4
1192,5
1192,6
1192,7
1192,8
1192,9
1192,10
1192,11
1195,0
1195,1
1195,2
1195,3
1195,4
1195,5
1195,6
1195,7
1195,8
1195,9
1195,10
1195,11
1195,12
1195,13
1195,14
1195,15
1195,16
1195,17
1195,18
1195,19
1195,20
1195,21
1195,22
1195,23
1197,0
1197,1
1197,2
1197,3
1197,4
1197,5
1197,6
1197,7
1197,8
1197,9
1197,10
1197,11
1198,0
1198,1
1198,2
1198,3
1198,4
1198,5
1198,6
1198,7
1198,8
1198,9
1198,10
1198,11
1200,0
1200,1
1201,0
1201,1
1202,0
1202,1
1203,0
1203,1
1204,0
1204,1
1205,0
1205,1
1206,0
1206,1
1207,0
1207,1
1209,0
1209,1
1210,0
1210,1
1211,0
1211,1
1212,0
1212,1
1214,0
1214,1
1215,0
1215,1
1217,0
1217,1
1221,0
1221,1
1221,2
1221,3
1221,4
1221,5
1221,6
1221,7
1221,8
1221,9
1221,10
1221,11
1221,12
1221,13
1221,14
1221,15
1225,0
1225,1
1225,2
1225,3
1225,4
1225,5
1225,6
1225,7
1225,8
1225,9
1225,10
1225,11
1225,12
1225,13
1225,14
1225,15
1225,16
1225,17
1225,18
1225,19
1229,0
1229,1
1229,2
1229,3
1229,4
1229,5
1229,6
1229,7
1229,8
1229,9
1229,10
1229,11
1233,0
1233,1
1233,2
1233,3
1233,4
1233,5
1233,6
1233,7
1233,8
1233,9
1233,10
1233,11
1233,12
1233,13
1233,14
1233,15
1233,16
1233,17
1237,0
1237,1
1237,2
1237,3
1237,4
1237,5
1237,6
1237,7
1237,8
1237,9
1237,10
1237,11
1241,0
1241,1
1241,2
1241,3
1241,4
1241,5
1241,6
1241,7
1241,8
1241,9
1244,0
1244,1
1244,2
1244,3
1244,4
1244,5
1244,6
1244,7
1244,8
1244,9
1244,10
1244,11
1245,0
1245,1
1245,2
1245,3
1247,0
1247,1
1247,2
1247,3
1248,0
1248,1
1248,2
1248,3
1249,0
1249,1
1249,2
1249,3
1250,0
1250,1
1250,2
1250,3
1252,0
1252,1
1253,0
1253,1
1254,0
1254,1
1255,0
1255,1
1257,0
1257,1
1258,0
1258,1
1260,0
1260,1
1263,0
1263,1
1266,0
1266,1
1267,0
1267,1
1267,2
1267,3
1267,4
1267,5
1267,6
1267,7
1267,8
1267,9
1267,10
1267,11
1267,12
1268,0
1268,1
1268,2
1268,3
1268,4
1268,5
1268,6
1268,7
1268,8
1268,9
1268,10
1268,11
1268,12
1269,0
1269,1
1269,2
1269,3
1269,4
1269,5
1269,6
1270,0
1270,1
1270,2
1270,3
1270,4
1270,5
1270,6
1271,0
1271,1
1271,2
1271,3
1271,4
1271,5
1271,6
1272,0
1272,1
1272,2
1272,3
1272,4
1272,5
1272,6
1273,0
1273,1
1273,2
1273,3
1273,4
1273,5
1273,6
1274,0
1274,1
1274,2
1274,3
1274,4
1274,5
1274,6
1275,0
1275,1
1275,2
1275,3
1275,4
1275,5
1275,6
1276,0
1276,1
1276,2
1276,3
1276,4
1276,5
1276,6
1278,0
1278,1
1278,2
1278,3
1279,0
1279,1
1279,2
1279,3
1280,0
1280,1
1280,2
1280,3
1281,0
1281,1
1281,2
1281,3
1282,0
1282,1
1282,2
1282,3
1283,0
1283,1
1283,2
1283,3
1284,0
1284,1
1284,2
1284,3
1285,0
1285,1
1285,2
1285,3
1287,0
1287,1
1288,0
1288,1
1289,0
1289,1
1290,0
1290,1
1291,0
1291,1
1292,0
1292,1
1293,0
1293,1
1294,0
1294,1
1296,0
1296,1
1297,0
1297,1
1298,0
1298,1
1299,0
1299,1
1300,0
1300,1
1301,0
1301,1
1302,0
1302,1
1303,0
1303,1
1305,0
1305,1
1306,0
1306,1
1307,0
1307,1
1308,0
1308,1
1310,0
1310,1
1311,0
1311,1
1313,0
1313,1
1318,0
1318,1
1319,0
1319,1
1320,0
1320,1
1322,0
1322,1
1323,0
1323,1
1324,0
1324,1
1325,0
1325,1
1326,0
1326,1
1327,0
1327,1
1328,0
1328,1
1329,0
1329,1
1331,0
1331,1
1332,0
1332,1
1333,0
1333,1
1334,0
1334,1
1336,0
1336,1
1336,2
1336,3
1337,0
1337,1
1337,2
1337,3
1338,0
1338,1
1338,2
1338,3
1339,0
1339,1
1339,2
1339,3
1340,0
1340,1
1340,2
1340,3
1341,0
1341,1
1341,2
1341,3
1342,0
1342,1
1342,2
1342,3
1343,0
1343,1
1343,2
1343,3
1345,0
1345,1
1345,2
1345,3
1345,4
1345,5
1345,6
1345,7
1346,0
1346,1
1346,2
1346,3
1346,4
1346,5
1346,6
1346,7
1348,0
1348,1
1349,0
1349,1
1350,0
1350,1
1351,0
1351,1
1352,0
1352,1
1353,0
1353,1
1354,0
1354,1
1355,0
1355,1
1357,0
1357,1
1358,0
1358,1
1359,0
1359,1
1360,0
1360,1
1362,0
1362,1
1363,0
1363,1
1365,0
1365,1
1369,0
1369,1
1369,2
1369,3
1369,4
1369,5
1369,6
1369,7
1369,8
1369,9
1369,10
1369,11
1369,12
1369,13
1369,14
1369,15
1369,16
1369,17
1369,18
1369,19
1369,20
1369,21
1369,22
1369,23
1369,24
1369,25
1369,26
1369,27
1369,28
1369,29
1371,0
1371,1
1371,2
1371,3
1371,4
1371,5
1371,6
1371,7
1371,8
1371,9
1371,10
1371,11
1371,12
1371,13
1371,14
1372,0
1372,1
1372,2
1372,3
1372,4
1372,5
1372,6
1372,7
1372,8
1372,9
1372,10
1372,11
1372,12
1372,13
1372,14
1374,0
1374,1
1375,0
1375,1
1376,0
1376,1
1377,0
1377,1
1379,0
1379,1
1380,0
1380,1
1382,0
1382,1
1384,0
1384,1
1387,0
1387,1
1387,2
1387,3
1387,4
1387,5
1387,6
1387,7
1387,8
1387,9
1387,10
1387,11
1387,12
1387,13
1387,14
1387,15
1387,16
1387,17
1387,18
1387,19
1387,20
1387,21
1387,22
1387,23
1387,24
1387,25
1387,26
1387,27
1387,28
1387,29
1389,0
1389,1
1389,2
1389,3
1389,4
1389,5
1389,6
1389,7
1389,8
1389,9
1389,10
1389,11
1389,12
1389,13
1389,14
1390,0
1390,1
1390,2
1390,3
1390,4
1390,5
1390,6
1390,7
1390,8
1390,9
1390,10
1390,11
1390,12
1390,13
1390,14
1392,0
1392,1
1392,2
1392,3
1392,4
1392,5
1395,0
1395,1
1395,2
1395,3
1395,4
1395,5
1395,6
1395,7
1396,0
1396,1
1396,2
1396,3
1396,4
1396,5
1396,6
1396,7
1396,8
1396,9
1396,10
1396,11
1396,12
1396,13
1396,14
1396,15
1396,16
1396,17
1396,18
1396,19
1396,20
1396,21
1397,0
1397,1
1397,2
1397,3
1397,4
1397,5
1397,6
1397,7
1397,8
1397,9
1397,10
1397,11
1397,12
1397,13
1397,14
1397,15
1397,16
1397,17
1397,18
1397,19
1397,20
1397,21
1397,22
1397,23
1397,24
1397,25
1397,26
1397,27
1397,28
1397,29
1399,0
1399,1
1400,0
1400,1
1401,0
1401,1
1402,0
1402,1
1403,0
1403,1
1404,0
1404,1
1405,0
1405,1
1406,0
1406,1
1407,0
1407,1
1408,0
1408,1
1410,0
1410,1
1411,0
1411,1
1412,0
1412,1
1413,0
1413,1
1414,0
1414,1
1415,0
1415,1
1416,0
1416,1
1417,0
1417,1
1418,0
1418,1
1419,0
1419,1
1421,0
1421,1
1422,0
1422,1
1423,0
1423,1
1424,0
1424,1
1425,0
1425,1
1426,0
1426,1
1427,0
1427,1
1428,0
1428,1
1429,0
1429,1
1430,0
1430,1
1431,0
1431,1
1432,0
1432,1
1433,0
1433,1
1434,0
1434,1
1435,0
1435,1
1436,0
1436,1
1438,0
1438,1
1439,0
1439,1
1440,0
1440,1
1441,0
1441,1
1442,0
1442,1
1443,0
1443,1
1444,0
1444,1
1445,0
1445,1
1447,0
1447,1
1448,0
1448,1
1449,0
1449,1
1450,0
1450,1
1451,0
1451,1
1452,0
1452,1
1453,0
1453,1
1454,0
1454,1
1456,0
1456,1
1457,0
1457,1
1458,0
1458,1
1459,0
1459,1
1461,0
1461,1
1462,0
1462,1
1464,0
1464,1
1468,0
1468,1
1468,2
1468,3
1468,4
1468,5
1468,6
1468,7
1468,8
1468,9
1468,10
1468,11
1468,12
1468,13
1468,14
1468,15
1472,0
1472,1
1472,2
1472,3
1472,4
1472,5
1472,6
1472,7
1472,8
1472,9
1472,10
1472,11
1472,12
1472,13
1472,14
1472,15
1472,16
1472,17
1472,18
1472,19
1476,0
1476,1
1476,2
1476,3
1476,4
1476,5
1476,6
1476,7
1476,8
1476,9
1476,10
1476,11
1476,12
1476,13
1476,14
1476,15
1476,16
1476,17
1476,18
1476,19
1476,20
1476,21
1476,22
1476,23
1476,24
1476,25
1476,26
1476,27
1476,28
1476,29
1476,30
1476,31
1476,32
1476,33
1476,34
1476,35
1476,36
1476,37
1476,38
1476,39
1476,40
1476,41
1476,42
1476,43
1476,44
1476,45
1476,46
1476,47
1476,48
1476,49
1476,50
1476,51
1476,52
1476,53
1476,54
1476,55
1476,56
1476,57
1476,58
1476,59
1476,60
1476,61
1477,0
1477,1
1477,2
1477,3
1477,4
1477,5
1477,6
1477,7
1477,8
1477,9
1477,10
1477,11
1477,12
1477,13
1477,14
1477,15
1478,0
1478,1
1478,2
1478,3
1478,4
1478,5
1478,6
1478,7
1478,8
1478,9
1478,10
1478,11
1478,12
1478,13
1478,14
1478,15
1479,0
1479,1
1479,2
1479,3
1479,4
1479,5
1479,6
1479,7
1479,8
1479,9
1479,10
1479,11
1479,12
1479,13
1479,14
1479,15
1480,0
1480,1
1480,2
1480,3
1480,4
1480,5
1480,6
1480,7
1480,8
1480,9
1480,10
1480,11
1480,12
1480,13
1480,14
1480,15
1482,0
1482,1
1483,0
1483,1
1484,0
1484,1
1485,0
1485,1
1486,0
1486,1
1487,0
1487,1
1488,0
1488,1
1489,0
1489,1
1490,0
1490,1
1491,0
1491,1
1492,0
1492,1
1493,0
1493,1
1494,0
1494,1
1495,0
1495,1
1497,0
1497,1
1498,0
1498,1
1499,0
1499,1
1500,0
1500,1
1501,0
1501,1
1502,0
1502,1
1503,0
1503,1
1504,0
1504,1
1505,0
1505,1
1506,0
1506,1
1507,0
1507,1
1508,0
1508,1
1509,0
1509,1
1510,0
1510,1
1511,0
1511,1
1512,0
1512,1
1513,0
1513,1
1514,0
1514,1
1515,0
1515,1
1516,0
1516,1
1517,0
1517,1
1518,0
1518,1
1519,0
1519,1
1520,0
1520,1
1521,0
1521,1
1522,0
1522,1
1523,0
1523,1
1524,0
1524,1
1525,0
1525,1
1526,0
1526,1
1527,0
1527,1
1528,0
1528,1
1529,0
1529,1
1530,0
1530,1
1531,0
1531,1
1532,0
1532,1
1533,0
1533,1
1534,0
1534,1
1535,0
1535,1
1536,0
1536,1
1537,0
1537,1
1538,0
1538,1
1539,0
1539,1
1540,0
1540,1
1542,0
1542,1
1543,0
1543,1
1544,0
1544,1
1545,0
1545,1
1546,0
1546,1
1547,0
1547,1
1548,0
1548,1
1549,0
1549,1
1550,0
1550,1
1551,0
1551,1
1552,0
1552,1
1553,0
1553,1
1554,0
1554,1
1555,0
1555,1
1556,0
1556,1
1557,0
1557,1
1558,0
1558,1
1559,0
1559,1
1560,0
1560,1
1561,0
1561,1
1562,0
1562,1
1563,0
1563,1
1564,0
1564,1
1565,0
1565,1
1567,0
1567,1
1568,0
1568,1
1569,0
1569,1
1570,0
1570,1
1571,0
1571,1
1572,0
1572,1
1573,0
1573,1
1574,0
1574,1
1575,0
1575,1
1576,0
1576,1
1577,0
1577,1
1578,0
1578,1
1580,0
1580,1
1581,0
1581,1
1582,0
1582,1
1583,0
1583,1
1584,0
1584,1
1585,0
1585,1
1586,0
1586,1
1587,0
1587,1
1588,0
1588,1
1589,0
1589,1
1590,0
1590,1
1591,0
1591,1
1592,0
1592,1
1593,0
1593,1
1594,0
1594,1
1595,0
1595,1
1597,0
1597,1
1598,0
1598,1
1599,0
1599,1
1600,0
1600,1
1601,0
1601,1
1602,0
1602,1
1603,0
1603,1
1604,0
1604,1
1606,0
1606,1
1607,0
1607,1
1608,0
1608,1
1609,0
1609,1
1611,0
1611,1
1612,0
1612,1
1614,0
1614,1
1617,0
1617,1
1617,2
1617,3
1617,4
1617,5
1617,6
1617,7
1617,8
1617,9
1617,10
1617,11
1617,12
1617,13
1617,14
1617,15
1617,16
1617,17
1617,18
1617,19
1620,0
1620,1
1620,2
1620,3
1620,4
1620,5
1620,6
1620,7
1620,8
1620,9
1620,10
1620,11
1620,12
1620,13
1620,14
1620,15
1620,16
1620,17
1620,18
1620,19
1622,0
1622,1
1623,0
1623,1
1626,0
1626,1
1626,2
1626,3
1626,4
1626,5
1626,6
1626,7
1626,8
1626,9
1626,10
1626,11
1626,12
1626,13
1626,14
1626,15
1626,16
1626,17
1626,18
1626,19
1628,0
1628,1
1628,2
1628,3
1629,0
1629,1
1629,2
1629,3
1631,0
1631,1
1633,0
1633,1
1636,0
1636,1
1636,2
1636,3
1636,4
1636,5
1636,6
1636,7
1636,8
1636,9
1636,10
1636,11
1636,12
1636,13
1636,14
1636,15
1636,16
1636,17
1636,18
1636,19
1636,20
1636,21
1636,22
1636,23
1636,24
1636,25
1636,26
1636,27
1636,28
1636,29
1636,30
1636,31
1636,32
1636,33
1636,34
1636,35
1636,36
1636,37
1636,38
1636,39
1636,40
1636,41
1636,42
1636,43
1636,44
1636,45
1636,46
1636,47
1636,48
1636,49
1636,50
1636,51
1636,52
1636,53
1636,54
1636,55
1636,56
1636,57
1636,58
1636,59
1636,60
1636,61
1636,62
1636,63
1636,64
1636,65
1636,66
1636,67
1636,68
1636,69
1636,70
1636,71
1636,72
1636,73
1636,74
1636,75
1636,76
1636,77
1636,78
1636,79
1636,80
1636,81
1636,82
1636,83
1636,84
1636,85
1636,86
1636,87
1636,88
1636,89
1636,90
1636,91
1636,92
1636,93
1636,94
1636,95
1638,0
1638,1
1638,2
1638,3
1638,4
1638,5
1639,0
1639,1
1639,2
1639,3
1639,4
1639,5
1640,0
1640,1
1640,2
1640,3
1640,4
1640,5
1641,0
1641,1
1641,2
1641,3
1641,4
1641,5
1642,0
1642,1
1642,2
1642,3
1642,4
1642,5
1643,0
1643,1
1643,2
1643,3
1643,4
1643,5
1644,0
1644,1
1644,2
1644,3
1644,4
1644,5
1645,0
1645,1
1645,2
1645,3
1645,4
1645,5
1646,0
1646,1
1646,2
1646,3
1646,4
1646,5
1647,0
1647,1
1647,2
1647,3
1647,4
1647,5
1648,0
1648,1
1648,2
1648,3
1648,4
1648,5
1649,0
1649,1
1649,2
1649,3
1649,4
1649,5
1650,0
1650,1
1650,2
1650,3
1650,4
1650,5
1651,0
1651,1
1651,2
1651,3
1651,4
1651,5
1652,0
1652,1
1652,2
1652,3
1652,4
1652,5
1653,0
1653,1
1653,2
1653,3
1653,4
1653,5
1655,0
1655,1
1656,0
1656,1
1657,0
1657,1
1658,0
1658,1
1659,0
1659,1
1660,0
1660,1
1661,0
1661,1
1662,0
1662,1
1663,0
1663,1
1664,0
1664,1
1665,0
1665,1
1666,0
1666,1
1667,0
1667,1
1668,0
1668,1
1669,0
1669,1
1670,0
1670,1
1672,0
1672,1
1673,0
1673,1
1674,0
1674,1
1675,0
1675,1
1676,0
1676,1
1677,0
1677,1
1678,0
1678,1
1679,0
1679,1
1681,0
1681,1
1682,0
1682,1
1683,0
1683,1
1684,0
1684,1
1686,0
1686,1
1687,0
1687,1
1689,0
1689,1
1692,0
1692,1
1692,2
1692,3
1692,4
1692,5
1692,6
1692,7
1692,8
1692,9
1692,10
1692,11
1692,12
1692,13
1692,14
1692,15
1692,16
1692,17
1692,18
1692,19
1692,20
1692,21
1692,22
1692,23
1692,24
1692,25
1692,26
1692,27
1692,28
1692,29
1695,0
1695,1
1698,0
1698,1
1698,2
1698,3
1698,4
1698,5
1698,6
1698,7
1698,8
1698,9
1698,10
1698,11
1699,0
1699,1
1699,2
1699,3
1699,4
1699,5
1699,6
1699,7
1699,8
1699,9
1699,10
1699,11
1701,0
1701,1
1701,2
1701,3
1701,4
1701,5
1702,0
1702,1
1702,2
1702,3
1702,4
1702,5
1703,0
1703,1
1703,2
1703,3
1703,4
1703,5
1704,0
1704,1
1704,2
1704,3
1704,4
1704,5
1706,0
1706,1
1707,0
1707,1
1708,0
1708,1
1709,0
1709,1
1711,0
1711,1
1712,0
1712,1
1714,0
1714,1
1717,0
1717,1
1717,2
1717,3
1717,4
1717,5
1717,6
1717,7
1717,8
1717,9
1717,10
1717,11
1717,12
1717,13
1717,14
1717,15
1717,16
1717,17
1717,18
1717,19
1719,0
1719,1
1719,2
1719,3
1719,4
1720,0
1720,1
1720,2
1720,3
1720,4
1721,0
1721,1
1721,2
1721,3
1721,4
1722,0
1722,1
1722,2
1722,3
1722,4
1724,0
1724,1
1725,0
1725,1
1726,0
1726,1
1727,0
1727,1
1729,0
1729,1
1730,0
1730,1
1732,0
1732,1
1736,0
1736,1
1736,2
1736,3
1736,4
1736,5
1736,6
1736,7
1736,8
1736,9
1736,10
1736,11
1736,12
1736,13
1736,14
1736,15
1740,0
1740,1
1740,2
1740,3
1740,4
1740,5
1740,6
1740,7
1740,8
1740,9
1740,10
1740,11
1744,0
1744,1
1744,2
1744,3
1744,4
1744,5
1744,6
1744,7
1744,8
1744,9
1744,10
1744,11
1744,12
1744,13
1744,14
1744,15
1748,0
1748,1
1748,2
1748,3
1748,4
1748,5
1748,6
1748,7
1748,8
1748,9
1748,10
1748,11
1748,12
1748,13
1748,14
1748,15
1748,16
1748,17
1752,0
1752,1
1752,2
1752,3
1752,4
1752,5
1752,6
1752,7
1752,8
1752,9
1752,10
1752,11
1752,12
1752,13
1752,14
1752,15
1756,0
1756,1
1756,2
1756,3
1756,4
1756,5
1756,6
1756,7
1756,8
1756,9
1756,10
1756,11
1756,12
1756,13
1760,0
1760,1
1760,2
1760,3
1761,0
1761,1
1761,2
1761,3
1761,4
1761,5
1761,6
1761,7
1761,8
1761,9
1763,0
1763,1
1763,2
1763,3
1763,4
1763,5
1763,6
1764,0
1764,1
1764,2
1764,3
1764,4
1764,5
1764,6
1766,0
1766,1
1767,0
1767,1
1769,0
1769,1
1771,0
1771,1
1776,0
1776,1
1776,2
1776,3
1776,4
1776,5
1776,6
1776,7
1776,8
1776,9
1778,0
1778,1
1778,2
1778,3
1778,4
1778,5
1778,6
1778,7
1778,8
1778,9
1780,0
1780,1
1783,0
1783,1
1783,2
1783,3
1783,4
1783,5
1783,6
1783,7
1783,8
1783,9
1785,0
1785,1
1785,2
1785,3
1785,4
1785,5
1785,6
1785,7
1785,8
1785,9
1787,0
1787,1
1788,0
1788,1
1790,0
1790,1
1793,0
1793,1
1793,2
1793,3
1793,4
1793,5
1793,6
1793,7
1794,0
1794,1
1796,0
1796,1
1796,2
1796,3
1796,4
1797,0
1797,1
1797,2
1797,3
1797,4
1799,0
1799,1
1800,0
1800,1
1802,0
1802,1
1803,0
1803,1
1805,0
1805,1
1808,0
1808,1
1808,2
1808,3
1808,4
1808,5
1808,6
1808,7
1810,0
1810,1
1810,2
1810,3
1810,4
1810,5
1810,6
1810,7
1812,0
1812,1
1813,0
1813,1
1815,0
1815,1
1816,0
1816,1
1818,0
1818,1
1821,0
1821,1
1821,2
1821,3
1821,4
1821,5
1821,6
1821,7
1821,8
1821,9
1823,0
1823,1
1823,2
1823,3
1823,4
1823,5
1823,6
1823,7
1823,8
1823,9
1825,0
1825,1
1826,0
1826,1
1828,0
1828,1
1831,0
1831,1
1831,2
1831,3
1831,4
1831,5
1831,6
1831,7
1831,8
1831,9
1833,0
1833,1
1833,2
1833,3
1833,4
1833,5
1833,6
1833,7
1833,8
1833,9
1835,0
1835,1
1836,0
1836,1
1838,0
1838,1
1841,0
1841,1
1841,2
1841,3
1841,4
1841,5
1841,6
1841,7
1841,8
1841,9
1843,0
1843,1
1843,2
1843,3
1843,4
1843,5
1843,6
1843,7
1843,8
1843,9
1845,0
1845,1
1849,0
1849,1
1849,2
1849,3
1849,4
1849,5
1849,6
1849,7
1851,0
1851,1
1851,2
1851,3
1851,4
1851,5
1851,6
1851,7
1853,0
1853,1
1856,0
1856,1
1856,2
1856,3
1856,4
1856,5
1856,6
1856,7
1856,8
1856,9
1858,0
1858,1
1858,2
1858,3
1858,4
1858,5
1858,6
1858,7
1858,8
1858,9
1860,0
1860,1
1861,0
1861,1
1863,0
1863,1
1866,0
1866,1
1866,2
1866,3
1866,4
1866,5
1866,6
1866,7
1868,0
1868,1
1868,2
1868,3
1868,4
1868,5
1868,6
1868,7
1870,0
1870,1
1871,0
1871,1
1873,0
1873,1
1876,0
1876,1
1876,2
1876,3
1876,4
1876,5
1876,6
1876,7
1878,0
1878,1
1878,2
1878,3
1878,4
1878,5
1878,6
1878,7
1880,0
1880,1
1883,0
1883,1
1883,2
1883,3
1883,4
1883,5
1883,6
1883,7
1885,0
1885,1
1885,2
1885,3
1885,4
1885,5
1885,6
1885,7
1887,0
1887,1
1891,0
1891,1
1891,2
1891,3
1891,4
1891,5
1891,6
1891,7
1891,8
1891,9
1891,10
1891,11
1893,0
1893,1
1893,2
1893,3
1893,4
1893,5
1894,0
1894,1
1894,2
1894,3
1894,4
1894,5
1896,0
1896,1
1897,0
1897,1
1899,0
1899,1
1902,0
1902,1
1902,2
1902,3
1902,4
1902,5
1902,6
1902,7
1902,8
1902,9
1902,10
1902,11
1904,0
1904,1
1904,2
1904,3
1904,4
1904,5
1905,0
1905,1
1905,2
1905,3
1905,4
1905,5
1907,0
1907,1
1908,0
1908,1
1910,0
1910,1
1913,0
1913,1
1913,2
1913,3
1913,4
1913,5
1913,6
1913,7
1913,8
1913,9
1914,0
1914,1
1916,0
1916,1
1916,2
1916,3
1916,4
1916,5
1917,0
1917,1
1917,2
1917,3
1917,4
1917,5
1919,0
1919,1
1920,0
1920,1
1922,0
1922,1
1925,0
1925,1
1925,2
1925,3
1925,4
1925,5
1925,6
1925,7
1925,8
1925,9
1925,10
1925,11
1925,12
1925,13
1925,14
1925,15
1927,0
1927,1
1927,2
1927,3
1927,4
1927,5
1927,6
1927,7
1928,0
1928,1
1928,2
1928,3
1928,4
1928,5
1928,6
1928,7
1930,0
1930,1
1931,0
1931,1
1933,0
1933,1
1936,0
1936,1
1936,2
1936,3
1936,4
1936,5
1936,6
1936,7
1936,8
1936,9
1938,0
1938,1
1938,2
1938,3
1938,4
1938,5
1938,6
1938,7
1938,8
1938,9
1940,0
1940,1
1941,0
1941,1
1943,0
1943,1
1946,0
1946,1
1946,2
1946,3
1946,4
1946,5
1946,6
1946,7
1946,8
1946,9
1948,0
1948,1
1948,2
1948,3
1948,4
1948,5
1948,6
1948,7
1948,8
1948,9
1950,0
1950,1
1951,0
1951,1
1953,0
1953,1
1957,0
1957,1
1957,2
1957,3
1957,4
1957,5
1957,6
1957,7
1957,8
1957,9
1957,10
1957,11
1959,0
1959,1
1959,2
1959,3
1959,4
1959,5
1959,6
1959,7
1959,8
1959,9
1959,10
1959,11
1961,0
1961,1
1962,0
1962,1
1964,0
1964,1
1967,0
1967,1
1967,2
1967,3
1967,4
1967,5
1967,6
1967,7
1967,8
1967,9
1969,0
1969,1
1969,2
1969,3
1969,4
1969,5
1969,6
1969,7
1969,8
1969,9
1971,0
1971,1
1972,0
1972,1
1974,0
1974,1
1977,0
1977,1
1977,2
1977,3
1977,4
1977,5
1977,6
1977,7
1977,8
1977,9
1979,0
1979,1
1979,2
1979,3
1979,4
1979,5
1979,6
1979,7
1979,8
1979,9
1981,0
1981,1
1982,0
1982,1
1984,0
1984,1
1987,0
1987,1
1987,2
1987,3
1987,4
1987,5
1987,6
1987,7
1987,8
1987,9
1989,0
1989,1
1989,2
1989,3
1989,4
1989,5
1989,6
1989,7
1989,8
1989,9
1991,0
1991,1
1992,0
1992,1
1994,0
1994,1
1997,0
1997,1
1997,2
1997,3
1997,4
1997,5
1997,6
1997,7
1999,0
1999,1
1999,2
1999,3
1999,4
1999,5
1999,6
1999,7
2001,0
2001,1
2002,0
2002,1
2004,0
2004,1
2007,0
2007,1
2007,2
2007,3
2007,4
2007,5
2007,6
2007,7
2009,0
2009,1
2009,2
2009,3
2009,4
2009,5
2009,6
2009,7
2011,0
2011,1
2012,0
2012,1
2014,0
2014,1
2018,0
2018,1
2018,2
2019,0
2019,1
2019,2
2019,3
2019,4
2019,5
2019,6
2021,0
2021,1
2021,2
2021,3
2021,4
2022,0
2022,1
2022,2
2022,3
2022,4
2024,0
2024,1
2027,0
2027,1
2027,2
2027,3
2027,4
2027,5
2027,6
2027,7
2029,0
2029,1
2029,2
2029,3
2029,4
2029,5
2029,6
2029,7
2031,0
2031,1
2032,0
2032,1
2034,0
2034,1
2037,0
2037,1
2037,2
2037,3
2037,4
2037,5
2037,6
2037,7
2037,8
2037,9
2037,10
2037,11
2039,0
2039,1
2039,2
2039,3
2039,4
2039,5
2039,6
2039,7
2039,8
2039,9
2039,10
2039,11
2041,0
2041,1
2042,0
2042,1
2044,0
2044,1
2047,0
2047,1
2047,2
2047,3
2047,4
2047,5
2047,6
2047,7
2047,8
2047,9
2049,0
2049,1
2049,2
2049,3
2049,4
2049,5
2049,6
2049,7
2049,8
2049,9
2051,0
2051,1
2052,0
2052,1
2054,0
2054,1
2058,0
2058,1
2058,2
2058,3
2058,4
2058,5
2058,6
2058,7
2058,8
2058,9
2060,0
2060,1
2060,2
2060,3
2060,4
2060,5
2060,6
2060,7
2060,8
2060,9
2062,0
2062,1
2063,0
2063,1
2065,0
2065,1
2068,0
2068,1
2068,2
2068,3
2068,4
2068,5
2068,6
2068,7
2068,8
2068,9
2068,10
2068,11
2068,12
2068,13
2068,14
2068,15
2070,0
2070,1
2070,2
2070,3
2070,4
2070,5
2070,6
2070,7
2070,8
2070,9
2070,10
2070,11
2070,12
2070,13
2070,14
2070,15
2072,0
2072,1
2073,0
2073,1
2074,0
2074,1
2075,0
2075,1
2077,0
2077,1
2078,0
2078,1
2080,0
2080,1
2083,0
2083,1
2083,2
2083,3
2083,4
2083,5
2083,6
2083,7
2083,8
2083,9
2083,10
2083,11
2083,12
2083,13
2083,14
2083,15
2085,0
2085,1
2085,2
2085,3
2085,4
2085,5
2085,6
2085,7
2085,8
2085,9
2085,10
2085,11
2085,12
2085,13
2085,14
2085,15
2087,0
2087,1
2088,0
2088,1
2089,0
2089,1
2090,0
2090,1
2092,0
2092,1
2093,0
2093,1
2095,0
2095,1
2098,0
2098,1
2098,2
2098,3
2098,4
2098,5
2098,6
2098,7
2098,8
2098,9
2098,10
2098,11
2098,12
2098,13
2098,14
2098,15
2100,0
2100,1
2100,2
2100,3
2100,4
2100,5
2100,6
2100,7
2100,8
2100,9
2100,10
2100,11
2100,12
2100,13
2100,14
2100,15
2102,0
2102,1
2103,0
2103,1
2104,0
2104,1
2105,0
2105,1
2107,0
2107,1
2108,0
2108,1
2110,0
2110,1
2113,0
2113,1
2113,2
2113,3
2113,4
2113,5
2113,6
2113,7
2113,8
2113,9
2113,10
2113,11
2113,12
2113,13
2113,14
2113,15
2115,0
2115,1
2115,2
2115,3
2115,4
2115,5
2115,6
2115,7
2115,8
2115,9
2115,10
2115,11
2115,12
2115,13
2115,14
2115,15
2117,0
2117,1
2118,0
2118,1
2119,0
2119,1
2120,0
2120,1
2122,0
2122,1
2123,0
2123,1
2125,0
2125,1
2128,0
2128,1
2128,2
2129,0
2129,1
2129,2
2129,3
2129,4
2129,5
2129,6
2129,7
2129,8
2131,0
2131,1
2131,2
2131,3
2132,0
2132,1
2132,2
2132,3
2133,0
2133,1
2133,2
2133,3
2135,0
2135,1
2135,2
2136,0
2136,1
2136,2
2137,0
2137,1
2137,2
2138,0
2138,1
2138,2
2140,0
2140,1
2141,0
2141,1
2143,0
2143,1
2144,0
2144,1
2146,0
2146,1
2148,0
2148,1
2151,0
2151,1
2151,2
2151,3
2151,4
2151,5
2151,6
2151,7
2151,8
2151,9
2151,10
2151,11
2151,12
2151,13
2151,14
2151,15
2151,16
2151,17
2153,0
2153,1
2153,2
2153,3
2153,4
2153,5
2153,6
2153,7
2153,8
2154,0
2154,1
2154,2
2154,3
2154,4
2154,5
2154,6
2154,7
2154,8
2156,0
2156,1
2157,0
2157,1
2159,0
2159,1
2162,0
2162,1
2162,2
2162,3
2162,4
2162,5
2162,6
2162,7
2162,8
2162,9
2162,10
2162,11
2164,0
2164,1
2164,2
2164,3
2164,4
2164,5
2165,0
2165,1
2165,2
2165,3
2165,4
2165,5
2167,0
2167,1
2167,2
2167,3
2169,0
2169,1
2170,0
2170,1
2172,0
2172,1
2173,0
2173,1
2175,0
2175,1
2177,0
2177,1
2180,0
2180,1
2180,2
2180,3
2180,4
2180,5
2180,6
2180,7
2180,8
2180,9
2180,10
2180,11
2180,12
2180,13
2180,14
2180,15
2180,16
2180,17
2180,18
2180,19
2182,0
2182,1
2182,2
2182,3
2182,4
2182,5
2182,6
2182,7
2182,8
2182,9
2183,0
2183,1
2183,2
2183,3
2183,4
2183,5
2183,6
2183,7
2183,8
2183,9
2185,0
2185,1
2186,0
2186,1
2188,0
2188,1
2191,0
2191,1
2191,2
2191,3
2191,4
2191,5
2191,6
2191,7
2191,8
2191,9
2191,10
2191,11
2191,12
2191,13
2191,14
2191,15
2191,16
2191,17
2191,18
2191,19
2191,20
2191,21
2191,22
2191,23
2193,0
2193,1
2193,2
2193,3
2193,4
2193,5
2194,0
2194,1
2194,2
2194,3
2194,4
2194,5
2195,0
2195,1
2195,2
2195,3
2195,4
2195,5
2196,0
2196,1
2196,2
2196,3
2196,4
2196,5
2198,0
2198,1
2199,0
2199,1
2200,0
2200,1
2201,0
2201,1
2203,0
2203,1
2204,0
2204,1
2206,0
2206,1
2210,0
2210,1
2210,2
2210,3
2210,4
2210,5
2210,6
2210,7
2212,0
2212,1
2212,2
2212,3
2212,4
2212,5
2212,6
2212,7
2214,0
2214,1
2215,0
2215,1
2217,0
2217,1
2220,0
2220,1
2220,2
2220,3
2220,4
2220,5
2220,6
2220,7
2222,0
2222,1
2222,2
2222,3
2222,4
2222,5
2222,6
2222,7
2224,0
2224,1
2225,0
2225,1
2227,0
2227,1
2230,0
2230,1
2230,2
2230,3
2230,4
2230,5
2230,6
2230,7
2232,0
2232,1
2232,2
2232,3
2232,4
2232,5
2232,6
2232,7
2234,0
2234,1
2235,0
2235,1
2237,0
2237,1
