0,1,80,0,0,0,0,0,0,20,0,1600,1900
0,2,80,0,0,0,0,0,0,20,0,1600,1900
0,3,80,0,0,0,0,0,0,20,0,1600,1900
0,4,80,0,0,0,0,0,0,20,0,1600,1900
0,5,80,0,0,0,0,0,0,20,0,1600,1900
0,6,80,0,0,0,0,0,0,20,0,1600,1900
0,7,80,0,0,0,0,0,0,20,0,1600,1900
0,8,80,0,0,0,0,0,0,20,0,1600,1900
0,9,80,0,0,0,0,0,0,20,0,1600,1900
0,10,80,0,0,0,0,0,0,20,0,1600,1900
0,11,80,0,0,0,0,0,0,20,0,1600,1900
0,12,80,0,0,0,0,0,0,20,0,1600,1900
313,1,15,0,5,15,10,15,10,30,0,1600,1700
313,2,15,0,5,20,15,10,5,30,0,1630,1730
313,3,15,0,5,20,15,10,5,25,5,1700,1800
313,4,25,0,15,15,20,0,5,16,4,1800,1900
313,5,35,0,20,15,15,0,0,15,0,1900,2000
313,6,40,0,25,5,10,0,0,20,0,2000,2100
313,7,50,0,20,5,10,0,0,15,0,2000,2100
313,8,35,0,20,10,10,0,0,25,0,1900,2000
313,9,25,0,20,15,15,0,0,20,5,1800,1900
313,10,15,0,15,20,15,0,0,30,5,1700,1800
313,11,10,0,15,15,15,5,10,30,0,1630,1730
313,12,10,0,15,15,15,15,10,20,0,1600,1700
319,1,20,0,20,15,15,2,3,20,5,1600,1700
319,2,20,0,20,15,15,2,3,20,5,1630,1730
319,3,25,0,25,10,15,0,0,25,0,1700,1800
319,4,40,0,25,5,10,0,0,20,0,1800,1900
319,5,45,0,25,5,5,0,0,20,0,1900,2000
319,6,45,3,22,5,5,0,0,20,0,2000,2100
319,7,50,3,22,5,5,0,0,15,0,2000,2100
319,8,40,3,22,10,10,0,0,15,0,1900,2000
319,9,35,0,25,10,10,0,0,20,0,1800,1900
319,10,35,0,25,15,10,0,0,15,0,1700,1800
319,11,25,0,25,10,15,0,0,23,2,1630,1730
319,12,20,0,20,10,15,2,3,25,5,1600,1700
593,1,20,0,10,20,0,10,0,40,0,1630,1730
593,2,20,0,10,30,0,10,0,30,0,1700,1800
593,3,30,0,30,20,0,0,0,20,0,1800,1900
593,4,45,0,25,20,0,0,0,10,0,1930,2030
593,5,50,0,20,20,10,0,0,0,0,2030,2130
593,6,66,4,20,10,0,0,0,0,0,2100,2200
593,7,74,6,10,10,0,0,0,0,0,2100,2200
593,8,68,2,20,10,0,0,0,0,0,2000,2100
593,9,50,0,20,20,10,0,0,0,0,1900,2000
593,10,40,0,30,20,0,0,0,10,0,1800,1900
593,11,30,0,30,20,0,0,0,20,0,1630,1730
593,12,20,0,10,20,0,10,0,40,0,1600,1700
678,1,1,0,12,10,12,25,20,17,3,1600,1700
678,2,3,0,20,8,8,22,18,17,4,1630,1730
678,3,13,0,16,20,23,3,5,15,5,1700,1800
678,4,18,1,20,10,35,1,1,8,6,1800,1900
678,5,30,5,10,10,38,0,0,4,3,1900,2000
678,6,39,7,4,6,42,0,0,1,1,2000,2100
678,7,52,8,3,3,33,0,0,1,0,2000,2100
678,8,46,6,10,4,31,0,0,2,1,1900,2000
678,9,33,3,15,14,27,0,0,3,5,1800,1900
678,10,11,0,25,22,17,1,1,15,8,1700,1800
678,11,2,0,15,28,10,6,8,25,6,1630,1730
678,12,1,0,8,25,13,15,15,20,3,1600,1700
760,1,20,0,10,20,10,10,10,10,10,1600,1700
760,2,30,0,20,20,10,0,0,10,10,1630,1730
760,3,40,0,20,20,10,0,0,10,0,1700,1800
760,4,50,0,20,20,0,0,0,10,0,1800,1900
760,5,60,0,20,10,0,0,0,10,0,1900,2000
760,6,66,4,10,10,0,0,0,10,0,2000,2100
760,7,74,6,10,10,0,0,0,0,0,2000,2100
760,8,66,4,10,10,0,0,0,10,0,1900,2000
760,9,60,0,20,10,0,0,0,10,0,1800,1900
760,10,40,0,20,10,10,0,0,10,10,1700,1800
760,11,30,0,20,10,10,0,0,20,10,1630,1730
760,12,20,0,10,20,10,10,10,10,10,1600,1700
839,1,22,0,17,22,0,7,2,30,0,1630,1730
839,2,24,0,17,26,0,5,1,27,0,1730,1830
839,3,26,0,16,28,0,6,1,23,0,1830,1930
839,4,35,0,19,30,0,0,0,16,0,2000,2100
839,5,46,0,19,23,2,0,0,10,0,2100,2200
839,6,57,0,17,14,4,0,0,8,0,1600,2230
839,7,65,0,16,11,4,0,0,4,0,1600,2230
839,8,62,0,12,18,2,0,0,6,0,2030,2130
839,9,52,0,11,27,0,0,0,10,0,1930,2030
839,10,34,0,14,42,0,0,0,10,0,1800,1900
839,11,19,0,13,39,0,6,1,22,0,1630,1730
839,12,20,0,16,25,0,7,2,30,0,1630,1730
843,1,25,0,10,35,10,0,0,15,5,1600,1700
843,2,30,0,10,30,15,0,0,15,0,1630,1730
843,3,55,0,15,10,10,0,0,10,0,1700,1800
843,4,60,10,0,10,20,0,0,0,0,1800,1900
843,5,75,10,5,5,5,0,0,0,0,1900,2000
843,6,80,20,0,0,0,0,0,0,0,2000,2100
843,7,85,15,0,0,0,0,0,0,0,2000,2100
843,8,85,15,0,0,0,0,0,0,0,1900,2000
843,9,60,10,0,20,10,0,0,0,0,1800,1900
843,10,40,0,10,20,20,0,0,10,0,1700,1800
843,11,25,0,10,25,25,0,0,15,0,1630,1730
843,12,30,0,10,30,15,0,0,10,5,1600,1700
925,1,15,0,18,18,18,3,6,17,5,1600,1700
925,2,15,0,18,15,18,4,8,17,5,1630,1730
925,3,15,0,20,18,19,0,3,25,0,1700,1800
925,4,20,0,15,18,25,0,0,22,0,1800,1900
925,5,40,0,25,10,15,0,0,10,0,1900,2000
925,6,45,2,25,5,8,0,0,15,0,2000,2100
925,7,52,3,22,5,8,0,0,10,0,2000,2100
925,8,40,3,20,8,15,0,0,14,0,1900,2000
925,9,34,0,22,12,18,0,0,14,0,1800,1900
925,10,30,0,20,15,18,0,0,17,0,1700,1800
925,11,15,0,25,16,15,1,3,20,5,1630,1730
925,12,15,0,25,14,12,3,6,20,5,1600,1700
931,1,5,0,15,25,10,5,10,25,5,1600,1700
931,2,10,0,20,20,10,5,10,20,5,1630,1730
931,3,20,0,20,20,15,0,0,20,5,1700,1800
931,4,45,0,15,10,15,0,0,15,0,1800,1900
931,5,55,0,15,10,15,0,0,5,0,1900,2000
931,6,75,5,15,0,5,0,0,0,0,2000,2100
931,7,85,10,5,0,0,0,0,0,0,2000,2100
931,8,90,10,0,0,0,0,0,0,0,1900,2000
931,9,50,5,15,10,10,0,0,10,0,1800,1900
931,10,15,0,20,20,25,0,0,15,5,1700,1800
931,11,10,0,15,25,15,0,0,25,10,1630,1730
931,12,10,0,15,30,5,5,10,15,10,1600,1700
1022,1,20,0,30,30,0,0,10,10,0,1600,1800
1022,2,20,0,40,30,0,0,0,10,0,1630,1830
1022,3,30,0,30,20,10,0,0,10,0,1700,1900
1022,4,50,0,20,10,10,0,0,10,0,1930,2130
1022,5,60,0,20,0,20,0,0,0,0,2000,2200
1022,6,70,0,20,0,10,0,0,0,0,2000,2200
1022,7,80,10,10,0,0,0,0,0,0,2000,2200
1022,8,80,10,10,0,0,0,0,0,0,2000,2200
1022,9,70,0,20,0,10,0,0,0,0,1930,2130
1022,10,50,0,30,0,20,0,0,0,0,1900,2100
1022,11,40,0,40,20,0,0,0,0,0,1730,1930
1022,12,20,0,30,30,0,0,10,10,0,1630,1830
1026,1,20,0,5,0,5,40,10,20,0,1600,1630
1026,2,20,0,10,0,5,35,10,20,0,1600,1700
1026,3,15,0,15,20,10,10,10,15,5,1730,1830
1026,11,20,0,5,5,5,40,5,20,0,1600,1900
1030,1,15,0,18,18,18,3,6,17,5,1600,1700
1030,2,15,0,18,15,18,4,8,17,5,1630,1730
1030,3,15,0,20,18,19,0,3,25,0,1700,1800
1030,4,20,0,15,18,25,0,0,22,0,1800,1900
1030,5,40,0,25,10,15,0,0,10,0,1900,2000
1030,6,45,2,25,5,8,0,0,15,0,2000,2100
1030,7,52,3,22,5,8,0,0,10,0,2000,2100
1030,8,40,3,20,8,15,0,0,14,0,1900,2000
1030,9,34,0,22,12,18,0,0,14,0,1800,1900
1030,10,30,0,20,15,18,0,0,17,0,1700,1800
1030,11,15,0,25,16,15,1,3,20,5,1630,1730
1030,12,15,0,25,14,12,3,6,20,5,1600,1700
1034,1,15,0,18,18,18,3,6,17,5,1600,1700
1034,2,15,0,18,15,18,4,8,17,5,1630,1730
1034,3,15,0,20,18,19,0,3,25,0,1700,1800
1034,4,20,0,15,18,25,0,0,22,0,1800,1900
1034,5,40,0,25,10,15,0,0,10,0,1900,2000
1034,6,45,2,25,5,8,0,0,15,0,2000,2100
1034,7,52,3,22,5,8,0,0,10,0,2000,2100
1034,8,40,3,20,8,15,0,0,14,0,1900,2000
1034,9,34,0,22,12,18,0,0,14,0,1800,1900
1034,10,30,0,20,15,18,0,0,17,0,1700,1800
1034,11,15,0,25,16,15,1,3,20,5,1630,1730
1034,12,15,0,25,14,12,3,6,20,5,1600,1700
1040,1,20,0,5,0,5,40,10,20,0,1600,1630
1040,2,20,0,10,0,5,35,10,20,0,1600,1700
1040,3,15,0,15,20,10,10,10,15,5,1730,1830
1040,11,20,0,5,5,5,40,5,20,0,1600,1900
1046,1,22,0,17,22,0,7,2,30,0,1630,1730
1046,2,24,0,17,26,0,5,1,27,0,1730,1830
1046,3,26,0,16,28,0,6,1,23,0,1830,1930
1046,4,35,0,19,30,0,0,0,16,0,2000,2100
1046,5,46,0,19,23,2,0,0,10,0,2100,2200
1046,6,57,0,17,14,4,0,0,8,0,1600,2230
1046,7,65,0,16,11,4,0,0,4,0,1600,2230
1046,8,62,0,12,18,2,0,0,6,0,2030,2130
1046,9,52,0,11,27,0,0,0,10,0,1930,2030
1046,10,34,0,14,42,0,0,0,10,0,1800,1900
1046,11,19,0,13,39,0,6,1,22,0,1630,1730
1046,12,20,0,16,25,0,7,2,30,0,1630,1730
1052,1,20,0,5,0,5,40,10,20,0,1600,1630
1052,2,20,0,10,0,5,35,10,20,0,1600,1700
1052,3,15,0,15,20,10,10,10,15,5,1730,1830
1052,11,20,0,5,5,5,40,5,20,0,1600,1900
1058,1,20,0,5,0,5,40,10,20,0,1600,1630
1058,2,20,0,10,0,5,35,10,20,0,1600,1700
1058,3,15,0,15,20,10,10,10,15,5,1730,1830
1058,11,20,0,5,5,5,40,5,20,0,1600,1900
1062,1,22,0,17,22,0,7,2,30,0,1630,1730
1062,2,24,0,17,26,0,5,1,27,0,1730,1830
1062,3,26,0,16,28,0,6,1,23,0,1830,1930
1062,4,35,0,19,30,0,0,0,16,0,2000,2100
1062,5,46,0,19,23,2,0,0,10,0,2100,2200
1062,6,57,0,17,14,4,0,0,8,0,1600,2230
1062,7,65,0,16,11,4,0,0,4,0,1600,2230
1062,8,62,0,12,18,2,0,0,6,0,2030,2130
1062,9,52,0,11,27,0,0,0,10,0,1930,2030
1062,10,34,0,14,42,0,0,0,10,0,1800,1900
1062,11,19,0,13,39,0,6,1,22,0,1630,1730
1062,12,20,0,16,25,0,7,2,30,0,1630,1730
1068,1,15,0,18,18,18,3,6,17,5,1600,1700
1068,2,15,0,18,15,18,4,8,17,5,1630,1730
1068,3,15,0,20,18,19,0,3,25,0,1700,1800
1068,4,20,0,15,18,25,0,0,22,0,1800,1900
1068,5,40,0,25,10,15,0,0,10,0,1900,2000
1068,6,45,2,25,5,8,0,0,15,0,2000,2100
1068,7,52,3,22,5,8,0,0,10,0,2000,2100
1068,8,40,3,20,8,15,0,0,14,0,1900,2000
1068,9,34,0,22,12,18,0,0,14,0,1800,1900
1068,10,30,0,20,15,18,0,0,17,0,1700,1800
1068,11,15,0,25,16,15,1,3,20,5,1630,1730
1068,12,15,0,25,14,12,3,6,20,5,1600,1700
1074,1,15,0,18,18,18,3,6,17,5,1600,1700
1074,2,15,0,18,15,18,4,8,17,5,1630,1730
1074,3,15,0,20,18,19,0,3,25,0,1700,1800
1074,4,20,0,15,18,25,0,0,22,0,1800,1900
1074,5,40,0,25,10,15,0,0,10,0,1900,2000
1074,6,45,2,25,5,8,0,0,15,0,2000,2100
1074,7,52,3,22,5,8,0,0,10,0,2000,2100
1074,8,40,3,20,8,15,0,0,14,0,1900,2000
1074,9,34,0,22,12,18,0,0,14,0,1800,1900
1074,10,30,0,20,15,18,0,0,17,0,1700,1800
1074,11,15,0,25,16,15,1,3,20,5,1630,1730
1074,12,15,0,25,14,12,3,6,20,5,1600,1700
1078,1,20,0,20,15,15,2,3,20,5,1600,1700
1078,2,20,0,20,15,15,2,3,20,5,1630,1730
1078,3,25,0,25,10,15,0,0,25,0,1700,1800
1078,4,40,0,25,5,10,0,0,20,0,1800,1900
1078,5,45,0,25,5,5,0,0,20,0,1900,2000
1078,6,45,3,22,5,5,0,0,20,0,2000,2100
1078,7,50,3,22,5,5,0,0,15,0,2000,2100
1078,8,40,3,22,10,10,0,0,15,0,1900,2000
1078,9,35,0,25,10,10,0,0,20,0,1800,1900
1078,10,35,0,25,15,10,0,0,15,0,1700,1800
1078,11,25,0,25,10,15,0,0,23,2,1630,1730
1078,12,20,0,20,10,15,2,3,25,5,1600,1700
1082,1,20,0,30,30,0,0,10,10,0,1600,1800
1082,2,20,0,40,30,0,0,0,10,0,1630,1830
1082,3,30,0,30,20,10,0,0,10,0,1700,1900
1082,4,50,0,20,10,10,0,0,10,0,1930,2130
1082,5,60,0,20,0,20,0,0,0,0,2000,2200
1082,6,70,0,20,0,10,0,0,0,0,2000,2200
1082,7,80,10,10,0,0,0,0,0,0,2000,2200
1082,8,80,10,10,0,0,0,0,0,0,2000,2200
1082,9,70,0,20,0,10,0,0,0,0,1930,2130
1082,10,50,0,30,0,20,0,0,0,0,1900,2100
1082,11,40,0,40,20,0,0,0,0,0,1730,1930
1082,12,20,0,30,30,0,0,10,10,0,1630,1830
1141,1,60,0,20,10,0,0,0,10,0,1700,1800
1141,2,60,0,20,10,0,0,0,10,0,1730,1830
1141,3,60,0,20,10,0,0,0,10,0,1800,1900
1141,4,60,0,10,10,10,0,0,10,0,1900,2000
1141,5,60,0,0,10,20,0,0,10,0,1900,2000
1141,6,40,10,0,0,30,0,0,20,0,1930,2030
1141,7,40,10,0,0,30,0,0,20,0,1930,2030
1141,8,40,10,0,0,30,0,0,20,0,1900,2000
1141,9,50,0,10,10,20,0,0,10,0,1830,1930
1141,10,60,0,10,10,10,0,0,10,0,1800,1900
1141,11,60,0,20,10,0,0,0,10,0,1700,1800
1141,12,60,0,20,10,0,0,0,10,0,1700,1800
1160,1,60,0,20,10,0,0,0,10,0,1700,1800
1160,2,60,0,20,10,0,0,0,10,0,1730,1830
1160,3,60,0,20,10,0,0,0,10,0,1800,1900
1160,4,60,0,10,10,10,0,0,10,0,1900,2000
1160,5,60,0,0,10,20,0,0,10,0,1900,2000
1160,6,40,10,0,0,30,0,0,20,0,1930,2030
1160,7,40,10,0,0,30,0,0,20,0,1930,2030
1160,8,40,10,0,0,30,0,0,20,0,1900,2000
1160,9,50,0,10,10,20,0,0,10,0,1830,1930
1160,10,60,0,10,10,10,0,0,10,0,1800,1900
1160,11,60,0,20,10,0,0,0,10,0,1700,1800
1160,12,60,0,20,10,0,0,0,10,0,1700,1800
1218,1,70,0,5,5,5,10,0,5,0,1700,1800
1218,2,70,0,5,5,5,10,0,5,0,1730,1830
1218,3,65,0,5,5,5,15,0,5,0,1800,1830
1218,4,55,0,10,5,5,10,5,10,0,1830,1930
1218,5,50,0,15,5,10,5,5,10,0,1830,1930
1218,6,45,0,20,10,10,0,0,15,0,1900,1930
1218,7,30,0,20,20,10,0,0,20,0,1900,2000
1218,8,55,0,25,10,5,0,0,5,0,1930,2030
1218,9,40,0,20,5,20,0,0,15,0,1900,2000
1218,10,55,0,20,5,10,0,0,10,0,1830,1930
1218,11,60,0,25,0,5,0,0,10,0,1730,1830
1218,12,70,0,20,0,5,0,0,5,0,1630,1730
1222,1,70,0,5,5,5,10,0,5,0,1700,1800
1222,2,70,0,5,5,5,10,0,5,0,1730,1830
1222,3,65,0,5,5,5,15,0,5,0,1800,1830
1222,4,55,0,10,5,5,10,5,10,0,1830,1930
1222,5,50,0,15,5,10,5,5,10,0,1830,1930
1222,6,45,0,20,10,10,0,0,15,0,1900,1930
1222,7,30,0,20,20,10,0,0,20,0,1900,2000
1222,8,55,0,25,10,5,0,0,5,0,1930,2030
1222,9,40,0,20,5,20,0,0,15,0,1900,2000
1222,10,55,0,20,5,10,0,0,10,0,1830,1930
1222,11,60,0,25,0,5,0,0,10,0,1730,1830
1222,12,70,0,20,0,5,0,0,5,0,1630,1730
1226,1,70,0,5,5,5,10,0,5,0,1700,1800
1226,2,70,0,5,5,5,10,0,5,0,1730,1830
1226,3,65,0,5,5,5,15,0,5,0,1800,1830
1226,4,55,0,10,5,5,10,5,10,0,1830,1930
1226,5,50,0,15,5,10,5,5,10,0,1830,1930
1226,6,45,0,20,10,10,0,0,15,0,1900,1930
1226,7,30,0,20,20,10,0,0,20,0,1900,2000
1226,8,55,0,25,10,5,0,0,5,0,1930,2030
1226,9,40,0,20,5,20,0,0,15,0,1900,2000
1226,10,55,0,20,5,10,0,0,10,0,1830,1930
1226,11,60,0,25,0,5,0,0,10,0,1730,1830
1226,12,70,0,20,0,5,0,0,5,0,1630,1730
1230,1,70,20,0,0,10,0,0,0,0,1600,1900
1230,2,70,20,0,0,10,0,0,0,0,1600,1900
1230,3,80,20,0,0,0,0,0,0,0,1600,1900
1230,4,80,20,0,0,0,0,0,0,0,1600,1900
1230,5,90,10,0,0,0,0,0,0,0,1600,1900
1230,6,90,10,0,0,0,0,0,0,0,1600,1900
1230,7,90,10,0,0,0,0,0,0,0,1600,1900
1230,8,90,10,0,0,0,0,0,0,0,1600,1900
1230,9,90,10,0,0,0,0,0,0,0,1600,1900
1230,10,90,10,0,0,0,0,0,0,0,1600,1900
1230,11,90,10,0,0,0,0,0,0,0,1600,1900
1230,12,80,20,0,0,0,0,0,0,0,1600,1900
1234,1,70,20,0,0,10,0,0,0,0,1600,1900
1234,2,70,20,0,0,10,0,0,0,0,1600,1900
1234,3,80,20,0,0,0,0,0,0,0,1600,1900
1234,4,80,20,0,0,0,0,0,0,0,1600,1900
1234,5,90,10,0,0,0,0,0,0,0,1600,1900
1234,6,90,10,0,0,0,0,0,0,0,1600,1900
1234,7,90,10,0,0,0,0,0,0,0,1600,1900
1234,8,90,10,0,0,0,0,0,0,0,1600,1900
1234,9,90,10,0,0,0,0,0,0,0,1600,1900
1234,10,90,10,0,0,0,0,0,0,0,1600,1900
1234,11,90,10,0,0,0,0,0,0,0,1600,1900
1234,12,80,20,0,0,0,0,0,0,0,1600,1900
1366,1,85,0,10,0,0,0,0,5,0,1930,2030
1366,2,80,0,10,0,0,0,0,10,0,1930,2030
1366,3,70,0,10,0,5,0,0,15,0,1900,2000
1366,4,65,0,10,0,10,0,0,15,0,1800,1900
1366,5,60,0,15,5,5,0,0,15,0,1730,1830
1366,6,60,0,5,10,10,0,0,15,0,1730,1830
1366,7,60,0,0,10,10,0,0,20,0,1730,1830
1366,8,60,0,0,10,10,0,0,20,0,1800,1900
1366,9,65,0,10,0,10,0,0,15,0,1800,1900
1366,10,70,0,10,0,5,0,0,15,0,1830,1930
1366,11,80,0,10,0,0,0,0,10,0,1900,2000
1366,12,85,0,10,0,0,0,0,5,0,1930,2030
1465,1,85,0,10,0,0,0,0,5,0,2030,2130
1465,2,80,0,10,0,0,0,0,10,0,2000,2100
1465,3,70,0,10,0,5,0,0,15,0,1930,2030
1465,4,65,0,10,0,10,0,0,15,0,1830,1930
1465,5,60,0,15,5,5,0,0,15,0,1800,1900
1465,6,60,0,5,10,10,0,0,15,0,1730,1830
1465,7,60,0,0,10,10,0,0,20,0,1730,1830
1465,8,60,0,0,10,10,0,0,20,0,1800,1900
1465,9,65,0,10,0,10,0,0,15,0,1830,1930
1465,10,70,0,10,0,10,0,0,10,0,1930,2030
1465,11,80,0,10,0,0,0,0,10,0,2000,2100
1465,12,85,0,10,0,0,0,0,5,0,2030,2130
1469,1,80,10,0,0,0,0,0,10,0,1600,1700
1469,2,75,5,0,0,5,0,0,15,0,1630,1730
1469,3,75,5,0,0,5,0,0,15,0,1700,1800
1469,4,60,0,0,15,10,0,0,15,0,1800,1900
1469,5,65,0,0,15,10,0,0,10,0,1900,2000
1469,6,90,10,0,0,0,0,0,0,0,2000,2100
1469,7,95,5,0,0,0,0,0,0,0,2000,2100
1469,8,80,10,0,0,0,0,0,10,0,1900,2000
1469,9,70,0,0,5,10,0,0,15,0,1800,1900
1469,10,65,0,0,15,10,0,0,10,0,1700,1800
1469,11,60,0,0,15,10,0,0,15,0,1630,1730
1469,12,80,0,0,0,5,0,0,15,0,1600,1700
1473,1,65,0,5,10,10,0,0,10,0,1900,1930
1473,2,70,0,10,10,5,0,0,5,0,1830,1900
1473,3,65,10,10,5,5,0,0,5,0,1800,1830
1473,4,75,15,5,0,5,0,0,0,0,1800,1830
1473,5,70,25,5,0,0,0,0,0,0,1730,1800
1473,6,85,15,0,0,0,0,0,0,0,1730,1800
1473,7,90,10,0,0,0,0,0,0,0,1700,1730
1473,8,95,5,0,0,0,0,0,0,0,1730,1800
1473,9,95,0,0,5,0,0,0,0,0,1800,1830
1473,10,100,0,0,0,0,0,0,0,0,1800,1830
1473,11,85,0,5,5,0,0,0,5,0,1800,1830
1473,12,70,0,10,5,5,0,0,10,0,1830,1900
1733,1,85,0,10,0,0,0,0,5,0,1930,2030
1733,2,80,0,10,0,0,0,0,10,0,1930,2030
1733,3,70,0,10,0,5,0,0,15,0,1900,2000
1733,4,65,0,10,0,10,0,0,15,0,1800,1900
1733,5,60,0,15,5,5,0,0,15,0,1730,1830
1733,6,60,0,5,10,10,0,0,15,0,1730,1830
1733,7,60,0,0,10,10,0,0,20,0,1730,1830
1733,8,60,0,0,10,10,0,0,20,0,1800,1900
1733,9,65,0,10,0,10,0,0,15,0,1800,1900
1733,10,70,0,10,0,5,0,0,15,0,1830,1930
1733,11,80,0,10,0,0,0,0,10,0,1900,2000
1733,12,85,0,10,0,0,0,0,5,0,1930,2030
1737,1,80,10,0,0,0,0,0,10,0,1600,1700
1737,2,75,5,0,0,5,0,0,15,0,1630,1730
1737,3,75,5,0,0,5,0,0,15,0,1700,1800
1737,4,60,0,0,15,10,0,0,15,0,1800,1900
1737,5,65,0,0,15,10,0,0,10,0,1900,2000
1737,6,90,10,0,0,0,0,0,0,0,2000,2100
1737,7,95,5,0,0,0,0,0,0,0,2000,2100
1737,8,80,10,0,0,0,0,0,10,0,1900,2000
1737,9,70,0,0,5,10,0,0,15,0,1800,1900
1737,10,65,0,0,15,10,0,0,10,0,1700,1800
1737,11,60,0,0,15,10,0,0,15,0,1630,1730
1737,12,80,0,0,0,5,0,0,15,0,1600,1700
1741,1,80,10,0,0,0,0,0,10,0,1600,1700
1741,2,75,5,0,0,5,0,0,15,0,1630,1730
1741,3,75,5,0,0,5,0,0,15,0,1700,1800
1741,4,60,0,0,15,10,0,0,15,0,1800,1900
1741,5,65,0,0,15,10,0,0,10,0,1900,2000
1741,6,90,10,0,0,0,0,0,0,0,2000,2100
1741,7,95,5,0,0,0,0,0,0,0,2000,2100
1741,8,80,10,0,0,0,0,0,10,0,1900,2000
1741,9,70,0,0,5,10,0,0,15,0,1800,1900
1741,10,65,0,0,15,10,0,0,10,0,1700,1800
1741,11,60,0,0,15,10,0,0,15,0,1630,1730
1741,12,80,0,0,0,5,0,0,15,0,1600,1700
1745,1,80,10,0,0,0,0,0,10,0,1600,1700
1745,2,75,5,0,0,5,0,0,15,0,1630,1730
1745,3,75,5,0,0,5,0,0,15,0,1700,1800
1745,4,60,0,0,15,10,0,0,15,0,1800,1900
1745,5,65,0,0,15,10,0,0,10,0,1900,2000
1745,6,90,10,0,0,0,0,0,0,0,2000,2100
1745,7,95,5,0,0,0,0,0,0,0,2000,2100
1745,8,80,10,0,0,0,0,0,10,0,1900,2000
1745,9,70,0,0,5,10,0,0,15,0,1800,1900
1745,10,65,0,0,15,10,0,0,10,0,1700,1800
1745,11,60,0,0,15,10,0,0,15,0,1630,1730
1745,12,80,0,0,0,5,0,0,15,0,1600,1700
1749,1,80,10,0,0,0,0,0,10,0,1600,1700
1749,2,75,5,0,0,5,0,0,15,0,1630,1730
1749,3,75,5,0,0,5,0,0,15,0,1700,1800
1749,4,60,0,0,15,10,0,0,15,0,1800,1900
1749,5,65,0,0,15,10,0,0,10,0,1900,2000
1749,6,90,10,0,0,0,0,0,0,0,2000,2100
1749,7,95,5,0,0,0,0,0,0,0,2000,2100
1749,8,80,10,0,0,0,0,0,10,0,1900,2000
1749,9,70,0,0,5,10,0,0,15,0,1800,1900
1749,10,65,0,0,15,10,0,0,10,0,1700,1800
1749,11,60,0,0,15,10,0,0,15,0,1630,1730
1749,12,80,0,0,0,5,0,0,15,0,1600,1700
1753,1,80,10,0,0,0,0,0,10,0,1600,1700
1753,2,75,5,0,0,5,0,0,15,0,1630,1730
1753,3,75,5,0,0,5,0,0,15,0,1700,1800
1753,4,60,0,0,15,10,0,0,15,0,1800,1900
1753,5,65,0,0,15,10,0,0,10,0,1900,2000
1753,6,90,10,0,0,0,0,0,0,0,2000,2100
1753,7,95,5,0,0,0,0,0,0,0,2000,2100
1753,8,80,10,0,0,0,0,0,10,0,1900,2000
1753,9,70,0,0,5,10,0,0,15,0,1800,1900
1753,10,65,0,0,15,10,0,0,10,0,1700,1800
1753,11,60,0,0,15,10,0,0,15,0,1630,1730
1753,12,80,0,0,0,5,0,0,15,0,1600,1700
1773,1,70,5,0,10,15,0,0,0,0,1900,2000
1773,2,65,10,5,10,10,0,0,0,0,1900,2000
1773,3,60,15,5,15,5,0,0,0,0,1830,1930
1773,4,75,5,10,5,0,0,0,5,0,1800,1900
1773,5,85,5,5,0,0,0,0,5,0,1800,1900
1773,6,60,10,15,0,0,0,0,10,5,1730,1830
1773,7,40,10,20,0,0,0,0,20,10,1730,1830
1773,8,70,15,5,0,0,0,0,10,0,1800,1900
1773,9,75,5,5,5,5,0,0,5,0,1800,1900
1773,10,70,5,10,5,5,0,0,5,0,1830,1930
1773,11,70,10,5,5,5,0,0,5,0,1900,2000
1773,12,60,5,5,5,10,0,0,10,5,1900,2000
1846,1,70,5,0,10,15,0,0,0,0,1900,2000
1846,2,65,10,5,10,10,0,0,0,0,1900,2000
1846,3,60,15,5,15,5,0,0,0,0,1830,1930
1846,4,75,5,10,5,0,0,0,5,0,1800,1900
1846,5,85,5,5,0,0,0,0,5,0,1800,1900
1846,6,60,10,15,0,0,0,0,10,5,1730,1830
1846,7,40,10,20,0,0,0,0,20,10,1730,1830
1846,8,70,15,5,0,0,0,0,10,0,1800,1900
1846,9,75,5,5,5,5,0,0,5,0,1800,1900
1846,10,70,5,10,5,5,0,0,5,0,1830,1930
1846,11,70,10,5,5,5,0,0,5,0,1900,2000
1846,12,60,5,5,5,10,0,0,10,5,1900,2000
1888,1,70,5,0,10,15,0,0,0,0,1900,2000
1888,2,65,10,5,10,10,0,0,0,0,1900,2000
1888,3,60,15,5,15,5,0,0,0,0,1830,1930
1888,4,75,5,10,5,0,0,0,5,0,1800,1900
1888,5,85,5,5,0,0,0,0,5,0,1800,1900
1888,6,60,10,15,0,0,0,0,10,5,1730,1830
1888,7,40,10,20,0,0,0,0,20,10,1730,1830
1888,8,70,15,5,0,0,0,0,10,0,1800,1900
1888,9,75,5,5,5,5,0,0,5,0,1800,1900
1888,10,70,5,10,5,5,0,0,5,0,1830,1930
1888,11,70,10,5,5,5,0,0,5,0,1900,2000
1888,12,60,5,5,5,10,0,0,10,5,1900,2000
1954,1,70,5,0,10,15,0,0,0,0,1900,2000
1954,2,65,10,5,10,10,0,0,0,0,1900,2000
1954,3,60,15,5,15,5,0,0,0,0,1830,1930
1954,4,75,5,10,5,0,0,0,5,0,1800,1900
1954,5,85,5,5,0,0,0,0,5,0,1800,1900
1954,6,60,10,15,0,0,0,0,10,5,1730,1830
1954,7,40,10,20,0,0,0,0,20,10,1730,1830
1954,8,70,15,5,0,0,0,0,10,0,1800,1900
1954,9,75,5,5,5,5,0,0,5,0,1800,1900
1954,10,70,5,10,5,5,0,0,5,0,1830,1930
1954,11,70,10,5,5,5,0,0,5,0,1900,2000
1954,12,60,5,5,5,10,0,0,10,5,1900,2000
2015,1,70,5,0,10,15,0,0,0,0,1900,2000
2015,2,65,10,5,10,10,0,0,0,0,1900,2000
2015,3,60,15,5,15,5,0,0,0,0,1830,1930
2015,4,75,5,10,5,0,0,0,5,0,1800,1900
2015,5,85,5,5,0,0,0,0,5,0,1800,1900
2015,6,60,10,15,0,0,0,0,10,5,1730,1830
2015,7,40,10,20,0,0,0,0,20,10,1730,1830
2015,8,70,15,5,0,0,0,0,10,0,1800,1900
2015,9,75,5,5,5,5,0,0,5,0,1800,1900
2015,10,70,5,10,5,5,0,0,5,0,1830,1930
2015,11,70,10,5,5,5,0,0,5,0,1900,2000
2015,12,60,5,5,5,10,0,0,10,5,1900,2000
2055,1,70,5,0,10,15,0,0,0,0,1900,2000
2055,2,65,10,5,10,10,0,0,0,0,1900,2000
2055,3,60,15,5,15,5,0,0,0,0,1830,1930
2055,4,75,5,10,5,0,0,0,5,0,1800,1900
2055,5,85,5,5,0,0,0,0,5,0,1800,1900
2055,6,60,10,15,0,0,0,0,10,5,1730,1830
2055,7,40,10,20,0,0,0,0,20,10,1730,1830
2055,8,70,15,5,0,0,0,0,10,0,1800,1900
2055,9,75,5,5,5,5,0,0,5,0,1800,1900
2055,10,70,5,10,5,5,0,0,5,0,1830,1930
2055,11,70,10,5,5,5,0,0,5,0,1900,2000
2055,12,60,5,5,5,10,0,0,10,5,1900,2000
2207,1,70,5,0,10,15,0,0,0,0,1900,2000
2207,2,65,10,5,10,10,0,0,0,0,1900,2000
2207,3,60,15,5,15,5,0,0,0,0,1830,1930
2207,4,75,5,10,5,0,0,0,5,0,1800,1900
2207,5,85,5,5,0,0,0,0,5,0,1800,1900
2207,6,60,10,15,0,0,0,0,10,5,1730,1830
2207,7,40,10,20,0,0,0,0,20,10,1730,1830
2207,8,70,15,5,0,0,0,0,10,0,1800,1900
2207,9,75,5,5,5,5,0,0,5,0,1800,1900
2207,10,70,5,10,5,5,0,0,5,0,1830,1930
2207,11,70,10,5,5,5,0,0,5,0,1900,2000
2207,12,60,5,5,5,10,0,0,10,5,1900,2000
