Date,Local Time,Home Team Id,Away Team Id
20250808,2000,634,100632
20250809,1630,1910,1971
20250809,1845,246,1904
20250809,2000,1913,645
20250809,2100,247,100646
20250810,1215,1914,1908
20250810,1430,1906,1915
20250810,1430,245,100638
20250810,1645,1903,100634
20250815,2000,100638,1914
20250816,1845,1971,246
20250816,2000,100634,1910
20250816,2100,1915,1913
20250817,1215,100632,245
20250817,1430,1908,247
20250817,1430,100646,1903
20250817,1645,645,1906
20250817,2000,1904,634
20250823,1630,100632,100646
20250823,1845,247,1915
20250823,2100,100638,645
20250824,1215,1913,1908
20250824,1215,1906,1914
20250824,1430,1903,1971
20250824,1430,1910,1904
20250824,1645,245,100634
20250824,2100,246,634
20250829,2000,1915,100634
20250830,1630,645,245
20250830,1845,1913,100632
20250830,2000,247,100638
20250830,2100,1971,1908
20250831,1215,634,1910
20250831,1430,100646,246
20250831,1430,1914,1903
20250831,1645,1904,1906
20250913,1630,245,1914
20250913,1845,100632,645
20250913,1845,1910,247
20250913,2100,1908,1904
20250913,2100,246,1913
20250914,1215,1971,100646
20250914,1430,1903,1915
20250914,1430,100634,1906
20250914,1645,100638,634
20250919,2000,100646,1908
20250920,1630,645,1971
20250920,1845,1915,100638
20250920,2000,634,1903
20250920,2100,1904,100634
20250921,1215,1914,100632
20250921,1430,1913,1910
20250921,1430,247,245
20250921,1645,1906,246
20250926,2000,1908,634
20250927,1630,1915,246
20250927,1845,245,1904
20250927,2000,645,1914
20250927,2100,1971,247
20250928,1215,1910,1906
20250928,1430,1903,1913
20250928,1430,100634,100646
20250928,1645,100638,100632
20251003,2000,1904,1915
20251004,1630,100646,245
20251004,1845,634,645
20251004,2000,1914,247
20251004,2100,1913,1971
20251005,1215,1908,100634
20251005,1430,1906,100638
20251005,1430,246,1903
20251005,1645,100632,1910
20251018,1630,100634,246
20251018,1845,1903,645
20251018,1845,247,100632
20251018,2100,1904,1914
20251018,2100,245,1906
20251019,1215,100638,1913
20251019,1430,1915,100646
20251019,1430,1971,634
20251019,1645,1910,1908
20251024,2000,1913,1904
20251025,1630,634,1915
20251025,1845,645,100634
20251025,2000,100646,100638
20251025,2100,1914,1910
20251026,1215,1908,245
20251026,1430,246,247
20251026,1430,100632,1971
20251026,1645,1906,1903
20251101,1630,247,634
20251101,1845,1904,100632
20251101,1845,246,645
20251101,2100,245,1913
20251101,2100,100638,1971
20251102,1215,100634,1914
20251102,1430,100646,1906
20251102,1430,1915,1908
20251102,1645,1903,1910
20251107,2000,1908,100638
20251108,1630,1971,100634
20251108,1845,645,1904
20251108,2000,634,1913
20251108,2100,1914,100646
20251109,1215,1903,245
20251109,1430,1910,1915
20251109,1430,1906,247
20251109,1645,100632,246
20251121,2000,246,1910
20251122,1630,1913,1906
20251122,1845,245,1971
20251122,1845,645,1908
20251122,2000,100646,634
20251123,1430,100634,100632
20251123,1645,1915,1914
20251123,1215,100638,1903
20251123,1430,1904,247
20251128,2000,1971,1904
20251129,1845,634,100634
20251129,2000,100632,1903
20251129,1630,1908,1906
20251129,1845,1910,100646
20251130,1215,245,1915
20251130,1430,247,645
20251130,1430,100638,246
20251130,1645,1914,1913
20251205,2000,246,1914
20251206,1845,100634,100638
20251206,1630,634,245
20251206,1845,1971,1915
20251206,2000,645,1910
20251207,1645,100646,1904
20251207,1215,1913,247
20251207,1430,1906,100632
20251207,1430,1903,1908
20251212,2000,100646,1913
20251213,2000,1906,1971
20251213,1845,1915,645
20251213,1630,1904,1903
20251213,1845,100638,1910
20251214,1215,245,246
20251214,1430,247,100634
20251214,1430,1908,100632
20251214,1645,1914,634
20251219,2000,634,1906
20251220,1630,1910,245
20251220,1845,645,100646
20251220,2000,1971,1914
20251220,1845,1903,247
20251221,1430,100634,1913
20251221,1215,246,1908
20251221,1430,100632,1915
20251221,1645,1904,100638
20260109,2000,1910,1903
20260110,1845,1908,1914
20260110,1630,100638,245
20260110,1845,1906,645
20260110,2000,100646,100634
20260111,1215,1913,246
20260111,1430,1915,1904
20260111,1430,247,1971
20260111,1645,100632,634
20260116,2000,245,100632
20260117,2000,100634,1908
20260117,1630,634,247
20260117,1845,1914,1906
20260117,1845,246,100646
20260118,1430,1913,1915
20260118,1215,645,1903
20260118,1430,1971,100638
20260118,1645,1904,1910
20260123,2000,245,645
20260124,1630,247,1904
20260124,1845,100638,1906
20260124,2000,1903,100646
20260124,1845,246,100634
20260125,1215,100632,1913
20260125,1430,1908,1971
20260125,1430,1910,1914
20260125,1645,1915,634
20260130,2000,1913,1903
20260131,1845,645,100632
20260131,1630,1906,1910
20260131,1845,100634,634
20260131,2000,100646,1915
20260201,1215,247,246
20260201,1430,1904,1908
20260201,1645,1914,100638
20260201,1430,1971,245
20260206,2000,1906,245
20260207,1630,1903,246
20260207,1845,1908,1913
20260207,1845,1910,100634
20260207,2000,634,100646
20260208,1215,1915,247
20260208,1430,100632,100638
20260208,1430,1914,645
20260208,1645,1904,1971
20260213,2000,246,100632
20260214,1630,1915,1903
20260214,1845,100646,1910
20260214,2000,100634,1904
20260214,1845,645,247
20260215,1215,1971,1906
20260215,1430,1913,1914
20260215,1645,100638,1908
20260215,1430,245,634
20260220,2000,100632,100634
20260221,1630,245,1910
20260221,2000,1908,1915
20260221,1845,247,1913
20260221,1845,246,100638
20260222,1430,634,1971
20260222,1215,1903,1914
20260222,1430,1906,100646
20260222,1645,1904,645
20260227,2000,100638,1904
20260228,1845,1913,100646
20260228,1845,1971,100632
20260228,2000,1910,634
20260228,1630,100634,247
20260301,1645,645,1915
20260301,1215,1908,246
20260301,1430,1914,245
20260301,1430,1903,1906
20260306,2000,100634,1903
20260307,1845,634,100638
20260307,1845,100646,1914
20260307,2000,1910,645
20260307,1630,247,1906
20260308,1215,1904,246
20260308,1430,1915,245
20260308,1430,1971,1913
20260308,1645,100632,1908
20260313,2000,645,634
20260314,2000,1914,1915
20260314,1630,245,100646
20260314,1845,1908,1903
20260314,1845,246,1971
20260315,1215,1906,100634
20260315,1430,247,1910
20260315,1430,1913,100638
20260315,1645,100632,1904
20260320,2000,1915,1906
20260321,1630,100646,645
20260321,1845,100634,1971
20260321,1845,634,1908
20260321,2000,1910,1913
20260322,1215,246,245
20260322,1645,1914,1904
20260322,1430,1903,100632
20260322,1430,100638,247
20260403,2000,1913,100634
20260404,1630,245,1908
20260404,1845,100632,1914
20260404,1845,1971,1910
20260404,2000,100638,1915
20260405,1645,1904,100646
20260405,1215,645,246
20260405,1430,247,1903
20260405,1430,1906,634
20260410,2000,1903,100638
20260411,1630,1910,246
20260411,1845,1906,1913
20260411,1845,1914,1971
20260411,2000,1915,100632
20260412,1430,634,1904
20260412,1215,100634,245
20260412,1645,1908,645
20260412,1430,100646,247
20260424,2000,1908,1910
20260425,1630,1904,245
20260425,1845,1971,1903
20260425,1845,100632,1906
20260425,2000,247,1914
20260426,1430,100638,100646
20260426,1430,100634,645
20260426,1215,246,1915
20260426,1645,1913,634
20260501,2000,1906,1908
20260502,1630,1903,1904
20260502,1845,1910,100638
20260502,1845,1914,100634
20260502,2000,100646,100632
20260503,1215,245,247
20260503,1430,634,246
20260503,1430,645,1913
20260503,1645,1915,1971
20260510,1645,1915,1910
20260510,1645,100632,247
20260510,1645,100638,100634
20260510,1645,246,1906
20260510,1645,1904,1913
20260510,1645,1971,645
20260510,1645,245,1903
20260510,1645,634,1914
20260510,1645,1908,100646
20260517,1645,247,1908
20260517,1645,1914,246
20260517,1645,1910,100632
20260517,1645,1906,1904
20260517,1645,1913,245
20260517,1645,645,100638
20260517,1645,100634,1915
20260517,1645,1903,634
20260517,1645,100646,1971
