DatePlayed,KickOffTime,HomeTeamId,AwayTeamId
20230811,2000,1796,10
20230812,1230,1,14
20230812,1500,1943,19
20230812,1500,1808,1923
20230812,1500,7,144
20230812,1500,1794,1799
20230812,1730,13,2
20230813,1400,1925,18
20230813,1630,5,9
20230814,2000,11,110
20230818,1945,14,1794
20230819,1500,1923,1796
20230819,1500,144,1925
20230819,1500,9,1943
20230819,1500,110,1808
20230819,1730,18,11
20230819,2000,10,13
20230820,1400,2,7
20230820,1630,19,5
20230821,2000,1799,1
20230825,2000,5,1923
20230826,1230,1943,18
20230826,1500,1,144
20230826,1500,7,110
20230826,1500,11,14
20230826,1500,1925,1799
20230826,1730,1808,19
20230827,1400,1796,2
20230827,1400,1794,10
20230827,1630,13,9
20230901,2000,1923,19
20230902,1230,1794,7
20230902,1500,10,144
20230902,1500,1796,18
20230902,1500,5,14
20230902,1500,1925,1943
20230902,1730,1808,13
20230903,1400,1799,110
20230903,1400,9,2
20230903,1630,1,11
20230916,1230,110,9
20230916,1500,19,10
20230916,1500,18,1794
20230916,1500,2,1799
20230916,1500,144,1923
20230916,1500,11,1808
20230916,1730,7,1
20230917,1400,1943,5
20230917,1630,13,1925
20230918,1945,14,1796
20230923,1500,10,14
20230923,1500,1923,110
20230923,1500,1799,144
20230923,1500,5,2
20230923,1500,1925,7
20230923,1730,1796,11
20230924,1400,1808,1943
20230924,1400,1,18
20230924,1400,9,19
20230924,1640,1794,13
20230930,1230,2,1808
20230930,1500,1943,1
20230930,1500,7,1923
20230930,1500,13,1796
20230930,1500,11,1799
20230930,1500,110,10
20230930,1500,19,1794
20230930,1730,18,9
20231001,1400,14,1925
20231002,2000,144,5
20231006,2005,1923,18
20231007,1500,144,1794
20231007,1500,7,1943
20231007,1500,1799,14
20231007,1500,1808,9
20231007,1500,19,13
20231007,1500,110,2
20231007,1730,1796,5
20231008,1400,11,1925
20231008,1630,1,10
20231021,1230,18,144
20231021,1500,1925,1796
20231021,1500,2,19
20231021,1500,1943,110
20231021,1500,13,1799
20231021,1500,14,1923
20231021,1500,1794,11
20231021,1730,9,7
20231022,1400,10,1808
20231022,1630,5,1
20231028,1500,1943,1796
20231028,1500,1808,144
20231028,1500,2,1923
20231028,1500,1,1794
20231028,1500,9,14
20231028,1500,110,13
20231028,1500,19,7
20231028,1730,5,1925
20231029,1400,1799,18
20231029,1630,11,10
20231103,2000,1925,19
20231104,1500,1794,110
20231104,1500,14,2
20231104,1500,144,11
20231104,1500,10,1943
20231104,1500,1923,9
20231104,1500,7,1808
20231104,1500,1796,1799
20231105,1400,13,1
20231105,1630,18,5
20231111,1500,19,14
20231111,1500,110,18
20231111,1500,9,1925
20231111,1500,1799,7
20231111,1500,1,1796
20231111,1500,1808,1794
20231111,1500,1943,13
20231111,1730,11,1923
20231112,1400,2,144
20231112,1630,5,10
20231125,1500,1796,19
20231125,1500,7,11
20231125,1500,14,1808
20231125,1500,1794,1943
20231125,1500,144,110
20231125,1500,1923,1799
20231125,1500,1925,1
20231125,1730,18,2
20231126,1400,13,5
20231126,1630,10,9
20231201,2000,1925,1923
20231202,1500,19,1799
20231202,1500,14,7
20231202,1500,1796,1794
20231202,1500,5,1808
20231202,1500,1,110
20231202,1500,1943,2
20231202,1730,9,144
20231203,1400,13,11
20231203,1630,10,18
20231205,1945,1923,1
20231205,1945,144,14
20231205,1945,1794,9
20231205,1945,1808,1925
20231205,1945,2,10
20231205,1945,7,13
20231205,1945,18,19
20231205,1945,110,1796
20231205,2000,1799,1943
20231206,2000,11,5
20231208,2000,1799,9
20231209,1500,7,5
20231209,1500,2,1
20231209,1500,1808,1796
20231209,1500,11,1943
20231209,1500,1794,1925
20231209,1500,110,14
20231209,1730,144,19
20231210,1400,1923,10
20231210,1630,18,13
20231215,2000,1925,2
20231216,1500,19,110
20231216,1500,10,1799
20231216,1500,14,18
20231216,1500,13,144
20231216,1500,1943,1923
20231216,1500,5,1794
20231216,1500,1796,7
20231217,1400,1,1808
20231217,1630,9,11
20231222,2000,1799,1808
20231223,1230,9,1
20231223,1500,10,1925
20231223,1500,144,1796
20231223,1500,1923,13
20231223,1500,14,1943
20231223,1500,2,1794
20231223,1500,19,11
20231223,1500,110,5
20231223,1730,18,7
20231226,1200,1808,18
20231226,1415,1796,9
20231226,1500,5,1799
20231226,1500,7,10
20231226,1500,1943,144
20231226,1500,1794,1923
20231226,1500,13,14
20231226,1500,1925,110
20231226,1730,1,19
20231226,1945,11,2
20231229,2000,1923,5
20231230,1500,10,1794
20231230,1500,9,13
20231230,1500,2,1796
20231230,1500,110,7
20231230,1500,18,1943
20231230,1500,19,1808
20231230,1730,144,1
20231231,1400,1799,1925
20231231,1630,14,11
20240113,1230,1794,19
20240113,1500,7,2
20240113,1500,1796,1923
20240113,1500,1,1799
20240113,1500,1943,9
20240113,1500,1808,110
20240113,1730,1925,14
20240114,1400,13,10
20240114,1630,11,18
20240115,2000,5,144
20240130,1945,2,13
20240130,1945,14,1
20240130,1945,144,7
20240130,1945,1923,1808
20240130,1945,110,11
20240130,1945,19,1943
20240130,1945,18,1925
20240130,2000,1799,1794
20240131,2000,10,1796
20240131,2000,9,5
20240203,1230,1796,144
20240203,1500,5,110
20240203,1500,7,18
20240203,1500,1808,1799
20240203,1500,1943,14
20240203,1500,11,19
20240203,1500,13,1923
20240203,1500,1925,10
20240204,1400,1794,2
20240204,1630,1,9
20240209,2000,144,1943
20240210,1500,9,1796
20240210,1500,10,7
20240210,1500,1923,1794
20240210,1500,14,13
20240210,1500,1799,5
20240210,1500,110,1925
20240210,1730,18,1808
20240211,1400,19,1
20240211,1630,2,11
20240216,2000,1925,9
20240217,1500,18,110
20240217,1500,7,1799
20240217,1500,14,19
20240217,1500,13,1943
20240217,1500,1923,11
20240217,1500,144,2
20240217,1730,1796,1
20240218,1400,1794,1808
20240218,1630,10,5
20240224,1500,9,1923
20240224,1500,1799,1796
20240224,1500,1,13
20240224,1500,1943,10
20240224,1500,1808,7
20240224,1500,110,1794
20240224,1730,5,18
20240225,1400,11,144
20240225,1630,19,1925
20240226,2000,2,14
20240302,1230,18,1799
20240302,1500,1925,5
20240302,1500,1796,1943
20240302,1500,7,19
20240302,1500,13,110
20240302,1500,144,1808
20240302,1500,1923,2
20240302,1730,1794,1
20240303,1400,14,9
20240303,1630,10,11
20240308,2000,1808,14
20240309,1500,1943,1794
20240309,1500,2,18
20240309,1500,1,1925
20240309,1500,1799,1923
20240309,1500,110,144
20240309,1500,19,1796
20240309,1730,5,13
20240310,1400,11,7
20240310,1630,9,10
20240316,1230,144,18
20240316,1500,1923,14
20240316,1500,11,1794
20240316,1500,1796,1925
20240316,1500,1799,13
20240316,1500,19,2
20240316,1500,110,1943
20240316,1730,7,9
20240317,1400,1808,10
20240317,1630,1,5
20240329,2000,2,110
20240330,1500,1943,7
20240330,1500,5,1796
20240330,1500,14,1799
20240330,1500,1794,144
20240330,1500,1925,11
20240330,1500,18,1923
20240330,1730,9,1808
20240331,1400,13,19
20240331,1630,10,1
20240402,1945,14,144
20240402,1945,1796,110
20240402,1945,1943,1799
20240402,1945,1,1923
20240402,1945,19,18
20240402,1945,1925,1808
20240403,1945,5,11
20240403,1945,13,7
20240403,2000,10,2
20240403,2000,9,1794
20240405,2000,2,1925
20240406,1500,7,1796
20240406,1500,1799,10
20240406,1500,144,13
20240406,1500,1923,1943
20240406,1500,1794,5
20240406,1500,18,14
20240406,1730,1808,1
20240407,1400,110,19
20240407,1630,11,9
20240412,2000,19,144
20240413,1230,1796,1808
20240413,1400,13,18
20240413,1500,14,110
20240413,1500,10,1923
20240413,1500,5,7
20240413,1500,1943,11
20240413,1500,1925,1794
20240414,1630,1,2
20240415,2000,9,1799
20240419,2000,1799,19
20240420,1500,7,14
20240420,1500,2,1943
20240420,1500,1808,5
20240420,1500,144,9
20240420,1500,1923,1925
20240420,1500,1794,1796
20240420,1730,110,1
20240421,1400,11,13
20240421,1630,18,10
20240427,1500,110,1923
20240427,1500,11,1796
20240427,1500,144,1799
20240427,1500,1943,1808
20240427,1500,2,5
20240427,1500,7,1925
20240427,1630,18,1
20240427,1730,14,10
20240428,1400,19,9
20240429,2000,13,1794
20240503,2000,1923,7
20240504,1230,5,19
20240504,1500,1796,13
20240504,1500,1,1943
20240504,1500,1808,2
20240504,1500,10,110
20240504,1500,1925,144
20240504,1730,1799,11
20240505,1400,1794,14
20240505,1630,9,18
20240510,2000,19,1923
20240511,1500,18,1796
20240511,1500,110,1799
20240511,1500,14,5
20240511,1500,13,1808
20240511,1500,7,1794
20240511,1500,1943,1925
20240511,1730,2,9
20240512,1400,144,10
20240512,1630,11,1
20240519,1600,1794,18
20240519,1600,9,110
20240519,1600,10,19
20240519,1600,1923,144
20240519,1600,1,7
20240519,1600,1808,11
20240519,1600,1799,2
20240519,1600,1796,14
20240519,1600,5,1943
20240519,1600,1925,13
