Date,Local Time,Home Team Id,Away Team Id
20250815,2000,9,1943
20250816,1230,2,13
20250816,1500,106,19
20250816,1500,1808,144
20250816,1500,18,1796
20250816,1730,110,10
20250817,1400,5,1799
20250817,1400,14,1925
20250817,1630,11,1
20250818,2000,8,7
20250822,2100,19,5
20250823,1330,10,18
20250823,1830,1,8
20250823,1600,1943,110
20250823,1600,1925,2
20250823,1600,1796,106
20250824,1500,1799,14
20250824,1500,7,1808
20250824,1730,144,11
20250825,2100,13,9
20250829,2100,2,1799
20250830,1600,110,7
20250830,1600,18,1943
20250830,1600,11,1796
20250830,1600,106,1925
20250830,1830,8,13
20250830,1330,5,144
20250831,1500,1808,10
20250831,1730,9,1
20250831,1500,14,19
20250912,2100,1799,106
20250913,1600,7,2
20250913,1330,13,110
20250913,1600,1943,1808
20250913,1600,144,8
20250913,1830,19,18
20250914,1730,10,11
20250914,1500,1,14
20250914,1500,1925,5
20250915,2100,1796,9
20250919,2100,1943,13
20250920,1330,9,7
20250920,1600,1808,18
20250920,1830,110,8
20250920,1600,106,2
20250920,1600,19,1799
20250921,1730,1,10
20250921,1500,11,5
20250921,1500,1796,14
20250922,2100,144,1925
20250926,2100,13,1
20250927,1600,7,19
20250927,1330,10,1796
20250927,1600,18,110
20250927,1600,1799,9
20250927,1830,8,1943
20250928,1730,1925,11
20250928,1500,2,144
20250928,1500,5,1808
20250929,2100,14,106
20251003,2100,2,1796
20251004,1330,1,19
20251004,1600,7,1799
20251004,1600,13,14
20251004,1830,1943,144
20251004,1600,11,106
20251005,1500,8,18
20251005,1730,5,9
20251005,1500,1925,10
20251006,2100,110,1808
20251017,2100,19,1925
20251018,1330,10,7
20251018,1830,18,2
20251018,1600,1799,1943
20251018,1600,1796,8
20251018,1600,14,5
20251019,1730,9,11
20251019,1500,106,110
20251019,1500,144,1
20251020,2100,1808,13
20251024,2100,13,144
20251025,1330,7,18
20251025,1830,110,1796
20251025,1600,1943,14
20251025,1600,1925,9
20251025,1600,5,106
20251026,1500,8,19
20251026,1500,11,1808
20251026,1730,2,10
20251027,2100,1,1799
20251031,2100,1808,8
20251101,1830,106,7
20251101,1330,9,2
20251101,1600,1799,1925
20251101,1600,14,11
20251101,1600,19,13
20251102,1730,18,5
20251102,1500,1796,1
20251102,1500,144,110
20251103,2100,10,1943
20251107,2100,14,8
20251108,1330,106,1
20251108,1830,7,144
20251108,1600,5,110
20251108,1600,1925,13
20251108,1600,19,1796
20251109,1500,18,11
20251109,1730,10,9
20251109,1500,1799,1808
20251110,2100,2,1943
20251121,2100,11,7
20251122,1330,13,10
20251122,1600,110,1799
20251122,1600,9,14
20251122,1600,1808,1925
20251122,1830,144,106
20251123,1500,1943,19
20251123,1500,8,2
20251123,1730,1,18
20251124,2100,1796,5
20251128,2100,14,1808
20251129,1330,1799,11
20251129,1600,18,144
20251129,1600,106,1943
20251129,1600,2,110
20251129,1330,1925,1796
20251129,1500,7,13
20251129,1830,5,1
20251130,1500,19,9
20251130,1500,10,8
20251202,2015,1796,1799
20251202,2015,1,1925
20251203,2015,144,10
20251203,1930,9,106
20251203,2015,13,18
20251203,1930,1808,2
20251203,1930,110,14
20251203,1930,8,5
20251203,2000,11,19
20251204,1930,1943,7
20251206,1830,1808,19
20251206,1600,10,106
20251206,1600,18,1925
20251206,1600,8,9
20251207,1330,1943,5
20251207,1730,144,1799
20251207,1500,7,14
20251207,1500,13,1796
20251207,1730,2,1
20251208,2100,110,11
20251212,2100,1,110
20251213,1330,9,1808
20251213,1600,11,1943
20251213,1600,1796,144
20251213,1600,19,2
20251213,1830,1925,8
20251214,1500,1799,10
20251214,1730,106,13
20251214,1500,14,18
20251215,2100,5,7
20251219,2100,1943,1796
20251220,1330,10,19
20251220,1600,13,5
20251220,1830,8,1799
20251220,1600,2,11
20251220,1600,144,14
20251221,1500,1808,106
20251221,1500,110,1925
20251221,1730,18,9
20251222,2100,7,1
20251226,1600,106,8
20251226,2100,5,2
20251226,1330,11,13
20251226,1600,1,1808
20251226,1600,14,10
20251226,1830,19,144
20251226,1600,1925,1943
20251227,1500,1799,18
20251227,1500,9,110
20251227,1730,1796,7
20251230,1500,106,10
20251230,1500,1,2
20251230,2000,5,1943
20251230,1500,19,1808
20251231,1500,11,110
20251231,1730,1925,18
20251231,1500,1796,13
20251231,1730,9,8
20251231,1230,1799,144
20251231,1230,14,7
20260103,1330,18,106
20260103,1600,1808,1796
20260103,1600,7,1925
20260103,1600,8,11
20260103,1830,10,5
20260103,1330,2,14
20260104,1730,110,19
20260104,1500,13,1799
20260104,1500,1943,1
20260104,1500,144,9
20260106,1900,13,8
20260106,1900,1799,2
20260106,1900,7,110
20260106,1900,1796,11
20260106,2015,10,1808
20260107,1900,1943,18
20260107,1900,1,9
20260107,1900,144,5
20260107,1900,19,14
20260107,2015,1925,106
20260116,2100,11,10
20260117,1330,18,19
20260117,1600,9,1796
20260117,1600,106,1799
20260117,1600,14,1
20260117,1830,5,1925
20260118,1500,1808,1943
20260118,1730,8,144
20260118,1500,2,7
20260119,2100,110,13
20260123,2100,1943,9
20260124,1830,1,11
20260124,1330,1799,5
20260124,1600,1796,18
20260124,1600,144,1808
20260124,1600,1925,14
20260125,1730,7,8
20260125,1500,13,2
20260125,1500,10,110
20260126,2100,19,106
20260130,2100,5,19
20260131,1600,1808,7
20260131,1600,110,1943
20260131,1330,9,13
20260131,1330,8,1
20260201,1730,14,1799
20260201,1500,106,1796
20260201,1500,18,10
20260201,1730,11,144
20260202,2100,2,1925
20260206,2100,13,1925
20260207,1600,1808,1799
20260207,1330,9,10
20260207,1600,110,5
20260207,1830,11,18
20260207,1600,1943,2
20260207,1330,144,7
20260208,1500,1,106
20260208,1500,1796,19
20260208,1730,8,14
20260211,1900,7,1943
20260211,1900,1799,1796
20260211,1900,10,144
20260211,1900,5,8
20260211,2015,1925,1
20260212,1900,18,13
20260212,1900,106,9
20260212,1900,2,1808
20260212,1900,14,110
20260212,2015,19,11
20260221,1830,7,11
20260221,1600,106,144
20260221,1600,2,8
20260221,1330,5,1796
20260221,1600,14,9
20260222,1730,18,1
20260222,1500,10,13
20260222,1500,1799,110
20260222,1730,1925,1808
20260223,2100,19,1943
20260227,2100,9,19
20260228,1330,13,7
20260228,1600,1808,14
20260228,1330,1943,106
20260228,1600,11,1799
20260228,1830,1,5
20260301,1600,110,2
20260301,1500,8,10
20260301,1730,144,18
20260301,2100,1796,1925
20260304,1900,1808,1
20260304,1900,7,1796
20260304,2015,18,1799
20260304,1900,1943,1925
20260304,2015,110,9
20260305,1900,144,19
20260305,1900,10,14
20260305,1900,13,11
20260305,2015,8,106
20260305,2015,2,5
20260313,2100,1,7
20260314,1330,9,18
20260314,1600,1799,8
20260314,1600,11,2
20260314,1830,106,1808
20260314,1600,14,144
20260315,1730,1796,1943
20260315,1500,1925,110
20260315,1500,5,13
20260316,2100,19,10
20260320,2100,13,106
20260320,2100,2,19
20260321,1330,110,1
20260321,1830,1943,11
20260321,1600,18,14
20260321,1600,7,5
20260321,1600,10,1799
20260322,1730,1808,9
20260322,1500,8,1925
20260323,2100,144,1796
20260410,2100,9,144
20260411,1330,106,18
20260411,1600,1,1943
20260411,1830,1925,7
20260411,1600,14,2
20260411,1600,1796,1808
20260412,1500,11,8
20260412,1500,1799,13
20260412,1730,5,10
20260413,2100,19,110
20260417,2100,13,1943
20260418,1330,7,9
20260418,1600,18,1808
20260418,1600,5,11
20260418,1830,14,1796
20260418,1730,2,106
20260419,1730,10,1
20260419,1500,1925,144
20260419,1500,8,110
20260420,2100,1799,19
20260424,2100,144,2
20260425,1330,110,18
20260425,1600,1943,8
20260425,1600,1808,5
20260425,1600,106,14
20260425,1830,11,1925
20260426,1500,9,1799
20260426,1500,19,7
20260426,1730,1,13
20260427,2100,1796,10
20260501,2100,1,144
20260502,1330,7,10
20260502,1600,110,106
20260502,1600,1943,1799
20260502,1600,13,1808
20260502,1830,5,14
20260503,1500,1925,19
20260503,1730,11,9
20260503,1500,2,18
20260504,2100,8,1796
20260508,2100,1799,7
20260509,1330,10,1925
20260509,1600,18,8
20260509,1600,106,11
20260509,1830,1796,2
20260509,1600,19,1
20260510,1730,9,5
20260510,1500,144,1943
20260510,1500,14,13
20260511,2100,1808,110
20260516,1330,13,19
20260516,1600,7,106
20260516,1830,110,144
20260516,1600,1943,10
20260516,1600,11,14
20260516,1330,1,1796
20260517,1500,8,1808
20260517,1730,5,18
20260517,1500,2,9
20260518,2100,1925,1799
20260524,1700,18,7
20260524,1700,1808,11
20260524,1700,9,1925
20260524,1700,106,5
20260524,1700,1799,1
20260524,1700,10,2
20260524,1700,14,1943
20260524,1700,1796,110
20260524,1700,144,13
20260524,1700,19,8
