Date,Local Time,Home Team Id,Away Team Id
20250808,2000,88,94
20250809,1230,89,1795
20250809,1230,17,1947
20250809,1230,1800,1952
20250809,1500,12,1960
20250809,1500,1951,1790
20250809,1500,1806,91
20250809,1500,1792,97
20250809,1500,15,1801
20250809,1500,109,3
20250809,1730,1794,1919
20250810,1630,95,1807
20250816,1230,1790,1792
20250816,1230,1947,109
20250816,1230,91,1800
20250816,1500,3,88
20250816,1500,97,12
20250816,1500,1801,95
20250816,1500,1919,89
20250816,1500,1807,1806
20250816,1500,1960,1794
20250816,1500,1795,15
20250817,1200,94,17
20250817,1500,1952,1951
20250822,2000,91,1919
20250823,1230,1952,3
20250823,1230,1960,1795
20250823,1230,89,95
20250823,1500,109,1790
20250823,1500,17,1806
20250823,1500,1947,1807
20250823,1500,1792,12
20250823,1500,1801,94
20250823,1500,88,1951
20250823,1500,1800,15
20250823,1500,1794,97
20250829,2000,95,88
20250830,1230,15,89
20250830,1230,12,1794
20250830,1230,1806,109
20250830,1500,94,91
20250830,1500,3,1792
20250830,1500,1807,1960
20250830,1500,1790,1801
20250830,1500,1919,1952
20250830,1500,1795,17
20250830,1500,97,1947
20250830,1500,1951,1800
20250912,2000,94,1794
20250913,1230,1801,12
20250913,1230,1951,95
20250913,1230,89,97
20250913,1500,1960,1952
20250913,1500,1807,1919
20250913,1500,1800,1792
20250913,1500,1806,88
20250913,1500,1795,3
20250913,1500,109,91
20250913,1500,1947,15
20250914,1200,17,1790
20250919,2000,12,109
20250920,1230,95,1800
20250920,1230,88,1960
20250920,1230,15,1806
20250920,1500,1952,17
20250920,1500,1794,89
20250920,1500,91,1801
20250920,1500,1790,1807
20250920,1500,1792,1947
20250920,1500,3,94
20250921,1500,1919,1951
20250922,2000,97,1795
20250926,2000,109,95
20250927,1230,1960,97
20250927,1230,1800,88
20250927,1230,1947,91
20250927,1500,94,1790
20250927,1500,1801,1919
20250927,1500,1806,1792
20250927,1500,17,12
20250927,1500,1807,15
20250927,1500,89,3
20250927,1500,1951,1794
20250927,1500,1795,1952
20250930,1945,1919,94
20250930,1945,88,1807
20250930,1945,3,1960
20250930,1945,12,1806
20250930,1945,1952,1801
20250930,1945,1794,17
20250930,1945,91,89
20250930,1945,95,1947
20251001,1945,97,1800
20251001,1945,1792,109
20251001,1945,1790,1795
20251001,1945,15,1951
20251004,1500,1790,12
20251004,1500,1947,88
20251004,1500,97,109
20251004,1500,1807,1800
20251004,1500,1795,1951
20251004,1500,3,1806
20251004,1500,1919,15
20251004,1500,1801,89
20251004,1500,1960,95
20251004,1500,91,17
20251004,1500,94,1792
20251004,1500,1952,1794
20251018,1230,15,97
20251018,1500,17,1960
20251018,1500,12,94
20251018,1500,1792,1919
20251018,1500,1951,91
20251018,1500,109,1801
20251018,1500,1800,3
20251018,1500,89,1807
20251018,1500,1794,1795
20251018,1500,88,1952
20251018,1500,95,1790
20251018,1500,1806,1947
20251021,1945,91,1792
20251021,1945,1790,1800
20251021,1945,3,1794
20251021,1945,1952,95
20251021,1945,1801,88
20251021,1945,97,1806
20251021,1945,94,89
20251021,1945,1919,17
20251022,1945,1795,109
20251022,1945,1960,15
20251022,1945,1807,12
20251022,1945,1947,1951
20251025,1500,1960,1792
20251025,1500,97,95
20251025,1500,94,109
20251025,1500,1801,1794
20251025,1500,1800,1795
20251025,1500,1790,1806
20251025,1500,1952,89
20251025,1500,1919,88
20251025,1500,1807,1951
20251025,1500,12,1947
20251025,1500,3,17
20251025,1500,91,15
20251101,1500,88,1790
20251101,1500,1947,1800
20251101,1500,15,94
20251101,1500,95,3
20251101,1500,1794,91
20251101,1500,17,1801
20251101,1500,89,1960
20251101,1500,1795,12
20251101,1500,109,1807
20251101,1500,1792,1952
20251101,1500,1951,97
20251101,1500,1806,1919
20251104,1945,88,97
20251104,1945,94,1795
20251104,1945,1919,3
20251104,1945,1800,1794
20251104,1945,89,109
20251104,1945,1951,1806
20251104,1945,91,1952
20251104,1945,95,12
20251105,1945,15,17
20251105,1945,1807,1792
20251105,1945,1801,1960
20251105,1945,1790,1947
20251108,1500,12,88
20251108,1500,109,1951
20251108,1500,97,1801
20251108,1500,1960,94
20251108,1500,1952,1790
20251108,1500,1795,1919
20251108,1500,1947,89
20251108,1500,1792,95
20251108,1500,1794,15
20251108,1500,17,1807
20251108,1500,1806,1800
20251108,1500,3,91
20251122,1230,1919,1960
20251122,1500,1790,97
20251122,1500,91,1795
20251122,1500,1951,12
20251122,1500,88,1792
20251122,1500,94,1947
20251122,1500,1801,3
20251122,1500,95,1806
20251122,1500,1800,109
20251122,1500,1807,1794
20251122,1500,89,17
20251122,1500,15,1952
20251125,1945,1952,94
20251125,1945,1960,91
20251125,1945,1795,1801
20251125,1945,1806,89
20251125,1945,97,1807
20251125,1945,12,1800
20251125,1945,17,95
20251125,1945,1794,1790
20251126,1945,1792,1951
20251126,1945,109,88
20251126,1945,1947,1919
20251126,1945,3,15
20251129,1500,12,91
20251129,1500,1790,1919
20251129,1500,1792,15
20251129,1500,97,17
20251129,1500,1807,1801
20251129,1500,1800,89
20251129,1500,1951,94
20251129,1500,1947,3
20251129,1500,1806,1952
20251129,1500,109,1960
20251129,1500,88,1795
20251129,1500,95,1794
20251206,1500,3,1807
20251206,1500,94,1800
20251206,1500,1801,1947
20251206,1500,1795,1792
20251206,1500,15,109
20251206,1500,17,88
20251206,1500,1794,1806
20251206,1500,91,95
20251206,1500,1952,12
20251206,1500,89,1790
20251206,1500,1919,97
20251206,1500,1960,1951
20251209,1945,1960,1790
20251209,1945,3,1951
20251209,1945,1795,1807
20251209,1945,1794,1792
20251209,1945,89,12
20251209,1945,15,88
20251209,1945,17,109
20251209,1945,1801,1800
20251210,1945,1919,95
20251210,1945,91,97
20251210,1945,94,1806
20251210,1945,1952,1947
20251213,1500,1792,17
20251213,1500,109,1794
20251213,1500,1806,1960
20251213,1500,95,94
20251213,1500,1947,1795
20251213,1500,88,89
20251213,1500,1951,1801
20251213,1500,1800,1919
20251213,1500,12,15
20251213,1500,97,1952
20251213,1500,1807,91
20251213,1500,1790,3
20251220,1500,17,1800
20251220,1500,3,97
20251220,1500,1952,109
20251220,1500,1795,1806
20251220,1500,1960,1947
20251220,1500,1919,12
20251220,1500,91,1790
20251220,1500,15,95
20251220,1500,89,1951
20251220,1500,1794,88
20251220,1500,1801,1792
20251220,1500,94,1807
20251226,1500,95,1795
20251226,1500,1790,15
20251226,1500,1792,89
20251226,1500,1951,17
20251226,1500,1806,1801
20251226,1500,109,1919
20251226,1500,1947,1794
20251226,1500,1800,1960
20251226,1500,97,94
20251226,1500,1807,1952
20251226,1500,88,91
20251226,1500,12,3
20251229,1945,1790,89
20251229,1945,12,1952
20251229,1945,97,1919
20251229,1945,95,91
20251229,1945,1800,94
20251229,1945,109,15
20251229,1945,1792,1795
20251229,1945,1807,3
20251229,1945,1947,1801
20251229,1945,1951,1960
20251229,1945,1806,1794
20251229,1945,88,17
20260101,1500,1952,1806
20260101,1500,15,1792
20260101,1500,1794,95
20260101,1500,17,97
20260101,1500,3,1947
20260101,1500,1960,109
20260101,1500,1795,88
20260101,1500,1919,1790
20260101,1500,94,1951
20260101,1500,1801,1807
20260101,1500,91,12
20260101,1500,89,1800
20260104,1500,12,17
20260104,1500,3,89
20260104,1500,91,1947
20260104,1500,1952,1795
20260104,1500,1792,1806
20260104,1500,95,109
20260104,1500,15,1807
20260104,1500,1790,94
20260104,1500,97,1960
20260104,1500,1919,1801
20260104,1500,1794,1951
20260104,1500,88,1800
20260117,1500,1800,95
20260117,1500,1947,1792
20260117,1500,17,1952
20260117,1500,1801,91
20260117,1500,1807,1790
20260117,1500,1795,97
20260117,1500,109,12
20260117,1500,1960,88
20260117,1500,94,3
20260117,1500,1951,1919
20260117,1500,1806,15
20260117,1500,89,1794
20260120,1945,94,1919
20260120,1945,1801,1952
20260120,1945,1807,88
20260120,1945,1960,3
20260120,1945,109,1792
20260120,1945,1800,97
20260120,1945,1947,95
20260120,1945,1951,15
20260121,1945,89,91
20260121,1945,1806,12
20260121,1945,1795,1790
20260121,1945,17,1794
20260124,1230,97,89
20260124,1500,91,109
20260124,1500,12,1801
20260124,1500,1952,1960
20260124,1500,1919,1807
20260124,1500,95,1951
20260124,1500,1792,1800
20260124,1500,15,1947
20260124,1500,1794,94
20260124,1500,3,1795
20260124,1500,88,1806
20260125,1200,1790,17
20260131,1500,3,1952
20260131,1500,15,1800
20260131,1500,1919,91
20260131,1500,1807,1947
20260131,1500,1790,109
20260131,1500,1795,1960
20260131,1500,97,1794
20260131,1500,94,1801
20260131,1500,95,89
20260131,1500,12,1792
20260131,1500,1806,17
20260131,1500,1951,88
20260207,1500,91,94
20260207,1500,1800,1951
20260207,1500,88,95
20260207,1500,1947,97
20260207,1500,17,1795
20260207,1500,109,1806
20260207,1500,1952,1919
20260207,1500,1794,12
20260207,1500,1792,3
20260207,1500,1960,1807
20260207,1500,1801,1790
20260207,1500,89,15
20260214,1500,89,1806
20260214,1500,1801,1795
20260214,1500,91,1960
20260214,1500,1951,1792
20260214,1500,88,109
20260214,1500,95,17
20260214,1500,1790,1794
20260214,1500,1919,1947
20260214,1500,94,1952
20260214,1500,15,3
20260214,1500,1807,97
20260214,1500,1800,12
20260221,1230,1960,1919
20260221,1500,12,1951
20260221,1500,1806,95
20260221,1500,97,1790
20260221,1500,17,89
20260221,1500,1947,94
20260221,1500,3,1801
20260221,1500,1795,91
20260221,1500,1794,1807
20260221,1500,109,1800
20260221,1500,1952,15
20260221,1500,1792,88
20260224,1945,12,95
20260224,1945,1947,1790
20260224,1945,1806,1951
20260224,1945,1952,91
20260224,1945,1795,94
20260224,1945,17,15
20260224,1945,109,89
20260224,1945,1960,1801
20260225,1945,3,1919
20260225,1945,1792,1807
20260225,1945,1794,1800
20260225,1945,97,88
20260228,1500,15,1794
20260228,1500,1807,17
20260228,1500,1951,109
20260228,1500,1800,1806
20260228,1500,88,12
20260228,1500,89,1947
20260228,1500,1919,1795
20260228,1500,1801,97
20260228,1500,91,3
20260228,1500,94,1960
20260228,1500,1790,1952
20260228,1500,95,1792
20260307,1500,1952,97
20260307,1500,1960,1806
20260307,1500,94,95
20260307,1500,1795,1947
20260307,1500,91,1807
20260307,1500,89,88
20260307,1500,3,1790
20260307,1500,1919,1800
20260307,1500,1794,109
20260307,1500,17,1792
20260307,1500,15,12
20260307,1500,1801,1951
20260310,1945,95,1919
20260310,1945,1947,1952
20260310,1945,88,15
20260310,1945,1790,1960
20260310,1945,97,91
20260310,1945,1806,94
20260310,1945,1792,1794
20260310,1945,1807,1795
20260311,1945,1800,1801
20260311,1945,12,89
20260311,1945,109,17
20260311,1945,1951,3
20260314,1500,88,1794
20260314,1500,1792,1801
20260314,1500,1947,1960
20260314,1500,1800,17
20260314,1500,1806,1795
20260314,1500,1951,89
20260314,1500,95,15
20260314,1500,12,1919
20260314,1500,1807,94
20260314,1500,97,3
20260314,1500,109,1952
20260314,1500,1790,91
20260321,1500,15,1790
20260321,1500,3,12
20260321,1500,94,97
20260321,1500,1919,109
20260321,1500,1801,1806
20260321,1500,1795,95
20260321,1500,89,1792
20260321,1500,91,88
20260321,1500,1952,1807
20260321,1500,1960,1800
20260321,1500,17,1951
20260321,1500,1794,1947
20260403,1500,15,1795
20260403,1500,1794,1960
20260403,1500,1800,91
20260403,1500,17,94
20260403,1500,1951,1952
20260403,1500,89,1919
20260403,1500,88,3
20260403,1500,1792,1790
20260403,1500,95,1801
20260403,1500,12,97
20260403,1500,1806,1807
20260403,1500,109,1947
20260406,1300,97,1792
20260406,1500,3,109
20260406,1500,1919,1794
20260406,1500,1952,1800
20260406,1500,1807,95
20260406,1500,91,1806
20260406,1500,1947,17
20260406,1500,94,88
20260406,1500,1960,12
20260406,1500,1801,15
20260406,1500,1790,1951
20260406,1500,1795,89
20260411,1500,95,1960
20260411,1500,1792,94
20260411,1500,1951,1795
20260411,1500,88,1947
20260411,1500,1800,1807
20260411,1500,12,1790
20260411,1500,1806,3
20260411,1500,109,97
20260411,1500,15,1919
20260411,1500,1794,1952
20260411,1500,89,1801
20260411,1500,17,91
20260418,1500,1960,17
20260418,1500,1919,1792
20260418,1500,1801,109
20260418,1500,1807,89
20260418,1500,1952,88
20260418,1500,94,12
20260418,1500,97,15
20260418,1500,1790,95
20260418,1500,3,1800
20260418,1500,91,1951
20260418,1500,1795,1794
20260418,1500,1947,1806
20260421,1945,1792,91
20260421,1945,1806,97
20260421,1945,1951,1947
20260421,1945,17,1919
20260421,1945,12,1807
20260421,1945,109,1795
20260421,1945,1800,1790
20260421,1945,15,1960
20260422,1945,95,1952
20260422,1945,1794,3
20260422,1945,89,94
20260422,1945,88,1801
20260425,1500,1794,1801
20260425,1500,1800,1947
20260425,1500,89,1952
20260425,1500,12,1795
20260425,1500,1792,1960
20260425,1500,15,91
20260425,1500,1806,1790
20260425,1500,1951,1807
20260425,1500,95,97
20260425,1500,109,94
20260425,1500,17,3
20260425,1500,88,1919
20260502,1230,1919,1806
20260502,1230,91,1794
20260502,1230,1960,89
20260502,1230,97,1951
20260502,1230,1795,1800
20260502,1230,1790,88
20260502,1230,1947,12
20260502,1230,3,95
20260502,1230,94,15
20260502,1230,1807,109
20260502,1230,1801,17
20260502,1230,1952,1792
