Date,Local Time,Home Team Id,Away Team Id
20250718,1800,110745,112510
20250718,2030,873,110747
20250719,1445,301,110749
20250719,1730,1569,111083
20250719,2015,110206,114326
20250720,1445,420,111091
20250720,1730,111097,111082
20250720,2015,1871,111086
20250720,2015,111088,110746
20250725,1800,110747,112510
20250725,2030,111082,111088
20250726,1445,111086,420
20250726,1730,110746,111097
20250726,2015,111091,873
20250727,1445,114326,1569
20250727,1730,110745,301
20250727,2015,111083,1871
20250728,1900,110206,110749
20250801,1800,110749,111083
20250801,2030,1569,111086
20250802,1445,112510,110746
20250802,1730,301,110206
20250802,2015,873,420
20250803,1445,110747,111091
20250803,1730,111097,110745
20250803,1730,111088,114326
20250803,2015,1871,111082
20250808,1800,111083,111088
20250808,2030,420,112510
20250809,1445,301,1569
20250809,1730,111082,110746
20250809,2015,111086,873
20250810,1445,114326,110749
20250810,1730,110745,110747
20250810,2015,1871,110206
20250811,1900,111091,111097
20250815,1800,110749,111091
20250815,2030,110747,301
20250816,1445,111097,111086
20250816,1730,110206,111082
20250816,2015,873,111083
20250817,1445,112510,114326
20250817,1730,110746,420
20250817,1730,111088,110745
20250817,2015,1569,1871
20250822,1800,420,110206
20250822,2030,111083,111097
20250823,1445,111091,111082
20250823,2015,1871,110745
20250823,1730,111086,110747
20250824,1445,111088,112510
20250824,1215,114326,873
20250824,1730,301,110746
20250825,1900,1569,110749
20250829,1800,111082,1569
20250829,2030,112510,111083
20250830,2015,110747,1871
20250830,1445,110206,111088
20250830,1730,420,111097
20250831,1215,110745,111091
20250831,1445,873,301
20250831,1730,110746,114326
20250901,1900,110749,111086
20250912,2030,111083,110746
20250912,1800,873,110749
20250913,1730,111091,110206
20250913,1445,1871,111088
20250913,2015,111097,112510
20250914,1215,111086,110745
20250914,1445,114326,420
20250914,1730,301,111082
20250915,1900,1569,110747
20250919,2030,111082,111083
20250919,1800,112510,873
20250920,1730,110206,110747
20250920,2015,420,301
20250920,1445,110745,1569
20250921,1215,110746,111091
20250921,1445,111088,111086
20250921,1730,114326,1871
20250922,1900,110749,111097
20250926,1800,110747,420
20250926,2030,111083,111091
20250927,1445,873,110745
20250927,2015,1871,110746
20250927,1730,111097,111088
20250928,1445,111086,112510
20250928,1215,301,114326
20250928,1730,1569,110206
20250929,1900,110749,111082
20251003,1800,111082,110747
20251003,2030,112510,301
20251004,2015,110206,873
20251004,1445,420,1871
20251004,1730,110745,111083
20251005,1215,111091,1569
20251005,1445,110746,111086
20251005,1730,111088,110749
20251006,1900,114326,111097
20251017,1800,110747,114326
20251017,2030,110745,111082
20251018,1730,111083,420
20251018,1445,873,110746
20251018,2015,111097,110206
20251019,1215,111086,111091
20251019,1445,301,111088
20251020,1900,1569,112510
20251019,1730,110749,1871
20251024,1800,111082,111086
20251024,2030,112510,110749
20251025,1730,110206,111083
20251025,2015,420,110745
20251025,1445,1871,873
20251026,1215,111097,301
20251026,1445,110746,110747
20251026,1730,111088,1569
20251027,1900,114326,111091
20251031,1800,112510,110206
20251031,2030,110747,110749
20251101,2015,420,111082
20251101,1445,110745,114326
20251101,1730,873,111097
20251102,1215,111091,111088
20251102,1445,111086,111083
20251102,1730,301,1871
20251103,1900,1569,110746
20251107,2030,111082,873
20251107,1800,110206,111086
20251108,2015,111083,114326
20251108,1730,111091,301
20251108,1445,1871,112510
20251109,1445,111097,1569
20251109,1215,110746,110745
20251110,1900,111088,110747
20251109,1730,110749,420
20251122,2015,112510,111082
20251121,1800,110747,111097
20251121,2030,420,1569
20251122,1445,110745,110206
20251122,1730,873,111088
20251123,1730,1871,111091
20251123,1445,110746,110749
20251123,1215,114326,111086
20251124,1900,301,111083
20251129,2015,111082,114326
20251201,1900,110206,110746
20251128,2030,111083,110747
20251129,1730,111091,112510
20251129,1445,111097,1871
20251130,1445,111086,301
20251130,1730,111088,420
20251130,1215,1569,873
20251128,1800,110749,110745
20251206,1730,111082,111097
20251205,1800,112510,110745
20251206,1445,110747,873
20251206,2015,111083,1569
20251205,2030,111091,420
20251207,1730,111086,1871
20251207,1215,110746,111088
20251208,1900,114326,110206
20251207,1445,110749,301
20260131,1730,112510,110747
20260202,1900,420,111086
20260130,2030,873,111091
20260131,1445,1871,111083
20260131,2015,111097,110746
20260201,1730,111088,111082
20260201,1215,301,110745
20260201,1445,1569,114326
20260130,1800,110749,110206
20260207,1445,111082,1871
20260206,2030,110206,301
20260206,1800,420,873
20260207,1730,110745,111097
20260207,2015,111083,110749
20260208,1215,111091,110747
20260208,1445,111086,1569
20260208,1730,110746,112510
20260209,1900,114326,111088
20260214,1730,112510,420
20260214,1445,110747,110745
20260216,1900,110206,1871
20260213,1800,873,111086
20260214,2015,111097,111091
20260215,1215,110746,111082
20260215,1445,111088,111083
20260215,1730,1569,301
20260213,2030,110749,114326
20260221,1445,111082,110206
20260220,2030,420,110746
20260220,1800,110745,111088
20260221,2015,111083,873
20260221,1730,111091,110749
20260222,1730,1871,1569
20260222,1445,111086,111097
20260222,1215,114326,112510
20260223,1900,301,110747
20260228,1445,111082,111091
20260228,1730,112510,111088
20260228,2015,110747,111086
20260301,1445,110206,420
20260227,1800,110745,1871
20260301,1215,873,114326
20260302,1900,111097,111083
20260227,2030,110746,301
20260301,1730,110749,1569
20260307,1730,111083,112510
20260306,1800,111091,110745
20260308,1730,1871,110747
20260308,1215,111097,420
20260307,2015,111086,110749
20260306,2030,111088,110206
20260307,1445,114326,110746
20260309,1900,301,873
20260308,1445,1569,111082
20260314,1445,111082,301
20260315,1730,112510,111097
20260314,1730,110747,1569
20260314,2015,110206,111091
20260315,1215,420,114326
20260313,1800,110745,111086
20260316,1900,110746,111083
20260313,2030,111088,1871
20260315,1445,110749,873
20260321,1445,110747,110206
20260321,1730,111083,111082
20260321,2015,873,112510
20260320,2030,111091,110746
20260320,1800,1871,114326
20260322,1445,111097,110749
20260322,1730,111086,111088
20260323,1900,301,420
20260322,1215,1569,110745
20260405,1445,111082,110749
20260404,1445,112510,111086
20260405,1730,110206,1569
20260404,1730,420,110747
20260404,2015,110745,873
20260406,1900,111091,111083
20260403,1800,110746,1871
20260403,2030,111088,111097
20260405,1215,114326,301
20260412,1730,110747,111082
20260412,1215,111083,110745
20260412,1445,873,110206
20260413,1900,1871,420
20260410,1800,111097,114326
20260410,2030,111086,110746
20260411,1445,301,112510
20260411,1730,1569,111091
20260411,2015,110749,111088
20260419,1215,111082,110745
20260419,1445,112510,1569
20260420,1900,110206,111097
20260419,1730,420,111083
20260417,1800,111091,111086
20260418,1445,1871,110749
20260418,2015,110746,873
20260417,2030,111088,301
20260418,1730,114326,110747
20260426,1445,110747,110746
20260426,1215,110745,420
20260426,1730,111083,110206
20260427,1900,873,1871
20260425,1445,111091,114326
20260425,1730,111086,111082
20260424,1800,301,111097
20260424,2030,1569,111088
20260425,2015,110749,112510
20260504,1900,111082,420
20260503,1445,110206,112510
20260503,1730,111083,111086
20260501,1800,1871,301
20260503,1215,111097,873
20260502,1445,110746,1569
20260502,1730,111088,111091
20260501,2030,114326,110745
20260502,2015,110749,110747
20260510,1730,112510,1871
20260510,1445,110747,111088
20260509,1445,420,110749
20260510,1215,110745,110746
20260511,1900,873,111082
20260509,1730,111086,110206
20260508,1800,114326,111083
20260509,2015,301,111091
20260508,2030,1569,111097
20260517,1445,111082,112510
20260517,1215,110206,110745
20260515,2030,111083,301
20260515,1800,111091,1871
20260517,1730,111097,110747
20260516,1445,111086,114326
20260518,1900,111088,873
20260516,1730,1569,420
20260516,2015,110749,110746
20260525,1900,112510,111091
20260524,1445,110747,111083
20260523,1445,420,111088
20260524,1215,110745,110749
20260522,1800,873,1569
20260524,1730,1871,111097
20260523,1730,110746,110206
20260522,2030,114326,111082
20260523,2015,301,111086
