Date,Local Time,Home Team Id,Away Team Id
20250815,2100,57,217
20250816,1700,72,1809
20250816,1900,68,76
20250816,2100,71,73
20250817,1500,69,1738
20250817,1500,1530,111817
20250817,1500,378,65
20250817,1700,64,66
20250817,2045,74,219
20250822,2100,217,74
20250823,1700,73,1530
20250823,1900,76,71
20250823,2100,219,111817
20250824,1500,72,57
20250824,1500,1809,378
20250824,1500,1738,64
20250824,1700,66,68
20250824,2045,65,69
20250829,2100,111817,68
20250830,1700,71,57
20250830,1900,64,378
20250830,2100,217,65
20250831,1500,69,76
20250831,1500,1530,74
20250831,1500,1738,72
20250831,1700,1809,73
20250831,2045,66,219
20250912,2100,72,71
20250913,1700,74,66
20250913,1900,76,1738
20250913,2100,219,217
20250914,1500,57,69
20250914,1500,68,1530
20250914,1500,378,111817
20250914,1700,65,1809
20250914,2045,73,64
20250919,2100,1738,217
20250920,1700,69,68
20250920,1900,66,1530
20250920,2100,111817,76
20250921,1500,64,65
20250921,1500,57,1809
20250921,1500,378,72
20250921,1700,71,74
20250921,2045,219,73
20250926,2100,76,219
20250927,1700,65,66
20250927,1900,217,69
20250927,2100,72,111817
20250928,1500,1530,378
20250928,1500,68,1738
20250928,1500,1809,71
20250928,1700,73,57
20250928,2045,74,64
20251003,2100,57,64
20251004,1700,76,1530
20251004,1900,1738,74
20251004,2100,378,71
20251005,1500,68,219
20251005,1500,65,73
20251005,1500,111817,217
20251005,1700,69,72
20251005,2045,66,1809
20251017,2100,72,66
20251018,1700,73,76
20251018,1900,219,1738
20251018,2100,1530,69
20251019,1500,71,65
20251019,1500,217,378
20251019,1500,64,111817
20251019,1700,1809,68
20251019,2045,74,57
20251024,2100,111817,71
20251025,1700,57,1738
20251025,1900,74,72
20251025,2100,378,73
20251026,1500,69,1809
20251026,1500,64,219
20251026,1500,1530,217
20251026,1700,65,68
20251026,2045,66,76
20251029,1900,68,64
20251029,1900,1809,74
20251029,1900,76,57
20251029,1900,1738,378
20251029,1900,217,73
20251029,1900,219,1530
20251029,2100,72,65
20251029,2100,111817,66
20251029,2100,71,69
20251101,1700,69,111817
20251101,1700,64,217
20251101,1700,73,72
20251101,1900,71,68
20251101,2100,57,219
20251102,1500,65,1530
20251102,1500,378,66
20251102,1700,1809,1738
20251102,2045,74,76
20251107,2100,111817,74
20251108,1700,217,1809
20251108,1900,1530,57
20251108,2100,68,72
20251109,1500,69,64
20251109,1500,219,378
20251109,1500,76,65
20251109,1700,1738,71
20251109,2045,66,73
20251121,2100,72,219
20251122,1700,73,1738
20251122,1900,74,69
20251122,2100,65,111817
20251123,1500,1809,1530
20251123,1500,71,217
20251123,1500,378,68
20251123,1700,57,66
20251123,2045,64,76
20251128,2100,76,378
20251129,1700,68,74
20251129,1900,111817,57
20251129,2100,1530,64
20251130,1500,66,71
20251130,1500,217,72
20251130,1500,1738,65
20251130,1700,219,1809
20251130,2045,69,73
20251205,2100,1809,76
20251206,1700,65,219
20251206,1900,217,66
20251206,2100,72,1530
20251207,1500,73,74
20251207,1500,378,69
20251207,1500,71,64
20251207,1700,1738,111817
20251207,2045,57,68
20251212,2100,1530,71
20251213,1700,68,73
20251213,1900,111817,1809
20251213,2100,74,378
20251214,1500,66,1738
20251214,1500,219,69
20251214,1500,64,72
20251214,1700,57,65
20251214,2045,76,217
20260103,1700,69,66
20260103,1700,217,68
20260103,1900,1738,1530
20260103,2100,378,57
20260104,1500,65,74
20260104,1500,72,76
20260104,1500,1809,64
20260104,1700,219,71
20260104,2045,73,111817
20260116,2100,1530,219
20260117,1700,69,217
20260117,1900,73,65
20260117,2100,1809,72
20260118,1500,76,68
20260118,1500,71,111817
20260118,1500,64,57
20260118,1700,74,1738
20260118,2045,66,378
20260123,2100,74,217
20260124,1700,219,64
20260124,1900,57,73
20260124,2100,65,76
20260125,1500,378,1809
20260125,1500,1738,69
20260125,1500,111817,1530
20260125,1700,71,72
20260125,2045,68,66
20260130,2100,1809,57
20260130,2100,217,71
20260131,1700,69,74
20260131,1900,64,1738
20260131,2100,1530,68
20260201,1500,111817,219
20260201,1500,66,65
20260201,1700,72,378
20260201,2045,76,73
20260206,2100,68,65
20260207,1700,57,111817
20260207,1900,378,217
20260207,2100,1738,76
20260208,1500,71,66
20260208,1500,72,69
20260208,1500,64,74
20260208,1700,1530,1809
20260208,2045,73,219
20260213,2100,69,71
20260214,1700,1738,1809
20260214,1900,111817,64
20260214,2100,66,72
20260215,1500,68,57
20260215,1500,217,1530
20260215,1500,65,378
20260215,1700,74,73
20260215,2045,219,76
20260220,2100,76,66
20260221,1700,1530,65
20260221,1900,72,217
20260221,2100,64,69
20260222,1500,73,68
20260222,1500,71,1738
20260222,1500,57,74
20260222,1700,1809,111817
20260222,2045,378,219
20260227,2100,65,71
20260228,1700,76,64
20260228,1900,219,66
20260228,2100,217,57
20260301,1500,111817,72
20260301,1500,69,1530
20260301,1500,74,1809
20260301,1700,68,378
20260301,2045,1738,73
20260306,2100,1809,219
20260307,1700,64,68
20260307,1900,378,1738
20260307,2100,73,69
20260308,1500,66,111817
20260308,1500,65,217
20260308,1500,57,76
20260308,1700,71,1530
20260308,2045,72,74
20260313,2100,69,378
20260314,1700,76,111817
20260314,1900,74,65
20260314,2100,219,57
20260315,1500,1530,72
20260315,1500,73,71
20260315,1500,68,1809
20260315,1700,1738,66
20260315,2045,217,64
20260320,2100,111817,1738
20260321,1700,72,73
20260321,1900,219,65
20260321,2100,64,1530
20260322,1500,71,76
20260322,1500,1809,217
20260322,1500,74,68
20260322,1700,57,378
20260322,2045,66,69
20260403,2100,69,219
20260404,1700,378,74
20260404,1900,217,111817
20260404,2100,73,1809
20260405,1500,1530,66
20260405,1500,76,72
20260405,1500,68,71
20260405,1700,1738,57
20260405,2045,65,64
20260410,2100,1809,65
20260410,2100,219,68
20260411,1900,57,71
20260411,2100,74,1530
20260412,1500,72,1738
20260412,1500,111817,69
20260412,1500,378,76
20260412,1700,66,217
20260412,2045,64,73
20260417,2100,69,57
20260418,1700,64,1809
20260418,1900,71,378
20260418,2100,76,74
20260419,1500,217,219
20260419,1500,68,111817
20260419,1500,1530,1738
20260419,1700,65,72
20260419,2045,73,66
20260424,2100,111817,65
20260425,1700,66,57
20260425,1900,1738,68
20260425,2100,1809,69
20260426,1500,1530,73
20260426,1500,219,72
20260426,1500,378,64
20260426,1700,217,76
20260426,2045,74,71
20260501,2100,72,64
20260502,1700,73,217
20260502,1900,57,1530
20260502,2100,111817,378
20260503,1500,76,1809
20260503,1500,71,219
20260503,1500,65,1738
20260503,1700,68,69
20260503,2045,66,74
20260509,2100,69,65
20260509,2100,1809,66
20260509,2100,1530,76
20260509,2100,68,217
20260509,2100,57,72
20260509,2100,74,111817
20260509,2100,64,71
20260509,2100,1738,219
20260509,2100,73,378
20260516,2100,217,1738
20260516,2100,65,57
20260516,2100,378,1530
20260516,2100,66,64
20260516,2100,219,74
20260516,2100,71,1809
20260516,2100,72,68
20260516,2100,76,69
20260516,2100,111817,73
