Date,Local Time,Home Team Id,Away Team Id
20230811,2100,73,217
20230812,1700,76,66
20230812,2100,378,64
20230813,1300,72,65
20230813,1500,1815,69
20230813,1500,71,1809
20230813,1500,70,1738
20230813,1700,74,68
20230813,2045,219,379
20230818,2100,65,71
20230819,1700,1809,73
20230819,2100,66,70
20230820,1300,69,76
20230820,1500,217,72
20230820,1500,1738,378
20230820,1500,379,1815
20230820,1700,68,219
20230820,2045,64,74
20230825,2100,219,378
20230826,1700,71,69
20230826,2100,72,66
20230827,1300,74,1738
20230827,1500,76,1809
20230827,1500,70,379
20230827,1500,1815,68
20230827,1700,217,65
20230827,2045,73,64
20230901,2100,69,64
20230902,1700,65,70
20230902,2100,71,219
20230903,1300,72,76
20230903,1500,1738,217
20230903,1500,68,379
20230903,1500,1809,1815
20230903,1700,378,74
20230903,2045,66,73
20230915,2100,219,1809
20230916,1700,217,69
20230916,2100,74,65
20230917,1300,66,1738
20230917,1500,379,378
20230917,1500,76,70
20230917,1500,1815,71
20230917,1700,64,68
20230917,2045,73,72
20230922,2100,64,1809
20230923,1700,378,66
20230923,2100,69,72
20230924,1300,71,217
20230924,1500,1738,1815
20230924,1500,65,379
20230924,1500,68,76
20230924,1700,70,74
20230924,2045,73,219
20230929,2100,379,66
20230930,1700,1815,73
20230930,2100,74,71
20231001,1300,1738,65
20231001,1500,217,70
20231001,1500,72,378
20231001,1500,1809,68
20231001,1700,76,64
20231001,2045,69,219
20231006,2100,219,1738
20231007,1700,66,217
20231007,2100,64,65
20231008,1300,76,71
20231008,1500,378,1809
20231008,1500,68,72
20231008,1500,70,1815
20231008,1700,379,69
20231008,2045,74,73
20231020,2100,1738,64
20231021,1700,217,74
20231021,2100,72,219
20231022,1300,66,1815
20231022,1500,71,70
20231022,1500,65,378
20231022,1500,1809,379
20231022,1700,69,68
20231022,2045,73,76
20231027,2100,378,73
20231028,1700,64,71
20231028,2100,65,69
20231029,1300,74,76
20231029,1500,1815,72
20231029,1500,68,1738
20231029,1500,379,217
20231029,1700,70,1809
20231029,2045,219,66
20231103,2100,66,68
20231104,1700,73,70
20231104,2100,72,74
20231105,1300,217,64
20231105,1500,71,379
20231105,1500,76,1815
20231105,1500,1809,1738
20231105,1700,69,378
20231105,2045,219,65
20231110,2100,1738,69
20231111,1700,379,73
20231111,2100,74,66
20231112,1300,65,1809
20231112,1500,1815,217
20231112,1500,68,71
20231112,1500,378,76
20231112,1700,70,72
20231112,2045,64,219
20231124,2100,76,219
20231125,1700,74,379
20231125,2100,66,65
20231126,1300,1815,64
20231126,1500,217,68
20231126,1500,70,378
20231126,1500,71,1738
20231126,1700,72,1809
20231126,2045,73,69
20231201,2100,71,72
20231202,1700,1738,73
20231202,2100,64,66
20231203,1300,65,68
20231203,1500,378,1815
20231203,1500,379,76
20231203,1500,1809,217
20231203,1700,69,70
20231203,2045,219,74
20231208,2100,217,219
20231209,1700,66,1809
20231209,2100,73,71
20231210,1300,1815,65
20231210,1500,68,378
20231210,1500,72,379
20231210,1500,76,1738
20231210,1700,70,64
20231210,2045,74,69
20231215,2100,217,76
20231216,1700,64,379
20231216,2100,69,66
20231217,1300,219,1815
20231217,1500,68,70
20231217,1500,1738,72
20231217,1500,71,378
20231217,1700,1809,74
20231217,2045,65,73
20231220,2100,70,219
20231220,2100,1815,74
20231220,2100,73,68
20231220,2100,72,64
20231220,2100,66,71
20231220,2100,76,65
20231220,2100,379,1738
20231220,2100,378,217
20231220,2100,1809,69
20240112,2100,219,76
20240113,1700,65,217
20240113,2100,74,72
20240114,1300,69,379
20240114,1300,378,70
20240114,1500,68,1809
20240114,1500,71,1815
20240114,1700,1738,66
20240114,2045,64,73
20240126,2100,73,378
20240127,1700,1809,64
20240127,2100,66,74
20240128,1300,379,71
20240128,1500,72,68
20240128,1500,217,1738
20240128,1500,1815,76
20240128,1700,70,65
20240128,2045,219,69
20240202,2100,71,64
20240203,1700,74,70
20240203,2100,76,73
20240204,1300,65,1815
20240204,1500,69,1738
20240204,1500,68,217
20240204,1500,378,72
20240204,1700,379,1809
20240204,2045,66,219
20240209,2100,219,68
20240210,1700,70,66
20240210,2100,72,69
20240211,1300,1809,71
20240211,1500,1738,74
20240211,1500,217,379
20240211,1500,1815,378
20240211,1700,64,76
20240211,2045,73,65
20240216,2100,378,219
20240217,1700,69,1809
20240217,2100,66,72
20240218,1300,65,1738
20240218,1500,70,68
20240218,1500,76,217
20240218,1500,74,1815
20240218,1700,379,64
20240218,2045,71,73
20240223,2100,64,69
20240224,1700,68,66
20240224,2100,219,70
20240225,1300,217,71
20240225,1500,1738,379
20240225,1500,72,1815
20240225,1500,76,378
20240225,1700,1809,65
20240225,2045,73,74
20240301,2100,74,217
20240302,1700,1815,219
20240302,2100,66,64
20240303,1300,1809,72
20240303,1500,378,1738
20240303,1500,71,68
20240303,1500,70,76
20240303,1700,379,65
20240303,2045,69,73
20240308,2100,219,71
20240309,1700,76,69
20240309,2100,73,379
20240310,1300,64,378
20240310,1500,72,70
20240310,1500,68,1815
20240310,1500,1738,1809
20240310,1700,217,66
20240310,2045,65,74
20240315,2100,64,72
20240316,1700,69,217
20240316,2100,70,73
20240317,1300,1809,66
20240317,1500,1815,1738
20240317,1500,379,68
20240317,1500,378,65
20240317,1700,71,76
20240317,2045,74,219
20240329,2100,66,379
20240330,1700,72,71
20240330,2100,65,64
20240331,1300,217,378
20240331,1500,68,69
20240331,1500,1815,1809
20240331,1500,1738,70
20240331,1700,76,74
20240331,2045,219,73
20240405,2100,69,74
20240406,1700,73,1815
20240406,2100,71,66
20240407,1300,64,1738
20240407,1500,378,68
20240407,1500,70,217
20240407,1500,1809,76
20240407,1700,379,72
20240407,2045,65,219
20240412,2100,69,65
20240413,1700,74,1809
20240413,2100,217,73
20240414,1300,66,378
20240414,1500,76,379
20240414,1500,1815,70
20240414,1500,1738,71
20240414,1700,68,64
20240414,2045,219,72
20240419,2100,1809,219
20240420,1700,64,1815
20240420,2100,71,74
20240421,1300,72,217
20240421,1500,379,70
20240421,1500,1738,68
20240421,1500,65,76
20240421,1700,378,69
20240421,2045,73,66
20240426,2100,73,1738
20240427,1700,74,378
20240427,2100,66,69
20240428,1300,70,71
20240428,1500,68,65
20240428,1500,1815,379
20240428,1500,76,72
20240428,1700,217,1809
20240428,2045,219,64
20240503,2100,65,66
20240504,1500,1738,76
20240504,1500,68,74
20240504,1500,378,71
20240504,1700,69,1815
20240504,1900,64,217
20240504,2100,72,73
20240506,1900,1809,70
20240506,2100,379,219
20240511,2100,378,379
20240511,2100,76,68
20240511,2100,72,1738
20240511,2100,219,217
20240511,2100,73,1809
20240511,2100,1815,66
20240511,2100,71,65
20240511,2100,70,69
20240511,2100,74,64
20240518,2100,1809,378
20240518,2100,65,72
20240518,2100,1738,219
20240518,2100,69,71
20240518,2100,68,73
20240518,2100,217,1815
20240518,2100,66,76
20240518,2100,64,70
20240518,2100,379,74
