Date,Local Time,Home Team Id,Away Team Id
20250809,1400,62,1739
20250809,2000,111376,58
20250809,2000,294,1805
20250809,2000,70,111273
20250809,2000,110321,115494
20250809,2000,111659,1823
20250809,2000,1814,1819
20250809,2000,111276,1815
20250811,2045,1816,379
20250815,2000,1823,111376
20250815,2000,1815,294
20250815,2000,1805,1814
20250815,2000,111273,1816
20250815,2000,58,110321
20250816,1400,115494,111276
20250816,1400,379,62
20250816,2000,1819,111659
20250818,2045,1739,70
20250822,2000,1816,115494
20250822,2000,1815,1805
20250822,2000,1739,58
20250822,2000,111659,1814
20250822,2000,111276,1823
20250823,1400,62,111273
20250823,1400,294,70
20250823,2000,111376,1819
20250825,2045,110321,379
20250829,2000,1823,110321
20250829,2000,70,1816
20250829,2000,111273,115494
20250829,2000,111659,111376
20250829,2000,1814,1815
20250829,2000,111276,294
20250830,1400,58,62
20250830,1400,379,1739
20250830,2000,1819,1805
20250912,2000,111376,1814
20250912,2000,1816,58
20250912,2000,1815,1819
20250912,2000,62,70
20250912,2000,294,1823
20250913,1400,115494,379
20250913,2000,1805,111276
20250913,2000,1739,111659
20250915,2045,110321,111273
20250919,2000,111376,110321
20250919,2000,1823,111273
20250919,2000,1819,379
20250919,2000,294,62
20250919,2000,1805,115494
20250919,2000,111659,1815
20250919,2000,1814,1816
20250919,2000,111276,1739
20250920,1400,70,58
20250923,2000,1816,1819
20250923,2000,62,111276
20250923,2000,115494,1823
20250923,2000,1739,1805
20250923,2000,70,111376
20250924,2000,110321,1814
20250924,2000,111273,294
20250924,2000,58,111659
20250924,2000,379,1815
20250926,2000,111376,111273
20250926,2000,1823,379
20250926,2000,1819,62
20250926,2000,1815,1739
20250926,2000,294,115494
20250927,1400,1805,58
20250927,2000,111659,110321
20250927,2000,1814,70
20250929,2045,111276,1816
20251003,2000,1816,111376
20251003,2000,62,1823
20251003,2000,115494,1814
20251003,2000,1739,294
20251003,2000,70,1819
20251004,1400,110321,1815
20251004,2000,111273,111659
20251004,2000,58,111276
20251006,2045,379,1805
20251017,2000,111376,62
20251017,2000,1823,1816
20251017,2000,1819,1739
20251017,2000,1815,115494
20251017,2000,294,58
20251018,1400,1805,110321
20251018,2000,111659,379
20251018,2000,1814,111273
20251020,2045,111276,70
20251024,2000,1816,111659
20251024,2000,62,1815
20251024,2000,115494,1819
20251024,2000,1739,111376
20251024,2000,70,1823
20251024,2000,110321,111276
20251024,2000,111273,1805
20251025,1400,58,1814
20251025,1400,379,294
20251028,2000,111376,379
20251028,2000,111659,115494
20251028,2000,1819,110321
20251028,2000,1815,70
20251028,2000,294,1816
20251029,2000,1823,58
20251029,2000,1805,62
20251029,2000,1814,1739
20251029,2000,111276,111273
20251031,2000,1816,1805
20251031,2000,62,1814
20251031,2000,115494,111376
20251031,2000,1739,1823
20251031,2000,70,111659
20251101,1400,110321,294
20251101,2000,111273,1819
20251101,2000,379,111276
20251103,2045,58,1815
20251107,2000,1823,1814
20251107,2000,1815,1816
20251107,2000,62,110321
20251107,2000,294,1819
20251107,2000,1805,111659
20251108,1400,1739,111273
20251108,2000,70,115494
20251108,2000,111276,111376
20251110,2045,58,379
20251121,2000,111376,1805
20251121,2000,1816,62
20251121,2000,1819,1823
20251121,2000,115494,58
20251121,2000,110321,1739
20251122,1400,111273,1815
20251122,2000,111659,111276
20251122,2000,379,70
20251124,2045,1814,294
20251205,2000,1815,111376
20251205,2000,62,115494
20251205,2000,294,111659
20251205,2000,1805,1823
20251205,2000,1739,1816
20251206,1400,70,110321
20251206,2000,58,111273
20251206,2000,111276,1819
20251208,2045,379,1814
20251212,2000,111376,294
20251212,2000,1823,1815
20251212,2000,1819,58
20251212,2000,115494,1739
20251212,2000,1805,70
20251213,1400,110321,1816
20251213,2000,111273,379
20251213,2000,1814,111276
20251215,2045,111659,62
20260102,2000,1816,1823
20260102,2000,1815,1814
20260102,2000,62,111376
20260102,2000,294,111273
20260102,2000,70,111276
20260103,1400,1739,1819
20260103,2000,110321,111659
20260103,2000,379,115494
20260105,2045,58,1805
20260116,2000,111376,70
20260116,2000,1823,62
20260116,2000,294,379
20260116,2000,115494,1816
20260116,2000,1805,111273
20260117,1400,1819,1815
20260117,2000,111659,1739
20260117,2000,111276,110321
20260119,2045,1814,58
20260123,2000,1823,111659
20260123,2000,62,294
20260123,2000,115494,1815
20260123,2000,1739,111276
20260123,2000,58,70
20260124,1400,110321,1805
20260124,2000,111273,111376
20260124,2000,379,1819
20260126,2045,1816,1814
20260130,2000,1805,1816
20260130,2000,70,62
20260130,2000,111659,111273
20260130,2000,1814,110321
20260130,2000,111276,115494
20260131,1400,1819,111376
20260131,2000,1815,379
20260131,2000,58,1823
20260202,2045,294,1739
20260206,2000,1823,294
20260206,2000,115494,1805
20260206,2000,1739,1814
20260206,2000,111273,110321
20260206,2000,111276,62
20260207,1400,1816,1815
20260207,2000,1819,70
20260207,2000,379,58
20260209,2045,111376,111659
20260213,2000,1816,111276
20260213,2000,1805,379
20260213,2000,110321,111376
20260213,2000,111273,1823
20260213,2000,1814,115494
20260214,1400,1815,111659
20260214,2000,62,1819
20260214,2000,58,294
20260216,2045,70,1739
20260220,2000,294,110321
20260220,2000,115494,111273
20260220,2000,1739,62
20260220,2000,111659,70
20260220,2000,111276,58
20260221,1400,111376,1815
20260221,2000,1819,1814
20260221,2000,379,1816
20260223,2045,1823,1805
20260227,2000,1816,294
20260227,2000,62,111659
20260227,2000,1805,111376
20260227,2000,70,379
20260227,2000,111273,1739
20260228,1400,1815,111276
20260228,2000,58,115494
20260228,2000,1814,1823
20260302,2045,110321,1819
20260306,2000,111376,1816
20260306,2000,1823,70
20260306,2000,1739,115494
20260306,2000,110321,58
20260306,2000,111276,379
20260307,1400,294,1815
20260307,2000,111659,1805
20260307,2000,1814,62
20260309,2045,1819,111273
20260313,2000,62,1816
20260313,2000,115494,294
20260313,2000,70,1814
20260313,2000,111273,111276
20260313,2000,379,111659
20260314,1400,1823,1739
20260314,2000,1805,1819
20260314,2000,58,111376
20260316,2045,1815,110321
20260320,2000,111376,1823
20260320,2000,62,379
20260320,2000,294,111276
20260320,2000,110321,70
20260320,2000,111659,58
20260321,1400,1816,1739
20260321,2000,1819,115494
20260321,2000,1814,1805
20260323,2045,1815,111273
20260403,2000,1739,110321
20260403,2000,70,294
20260403,2000,111273,1814
20260403,2000,58,1816
20260403,2000,379,111376
20260404,1400,1823,1819
20260404,2000,1805,1815
20260404,2000,111276,111659
20260406,2045,115494,62
20260410,2000,1816,110321
20260410,2000,1819,111276
20260410,2000,62,1805
20260410,2000,111273,58
20260410,2000,1814,379
20260411,1400,111376,1739
20260411,2000,1815,1823
20260411,2000,115494,70
20260413,2045,111659,294
20260417,2000,294,111376
20260417,2000,70,1805
20260417,2000,111659,1816
20260417,2000,379,111273
20260417,2000,111276,1814
20260418,1400,1823,115494
20260418,2000,1739,1815
20260418,2000,58,1819
20260420,2045,110321,62
20260424,2000,111376,111276
20260424,2000,115494,110321
20260424,2000,1805,1739
20260424,2000,379,1823
20260424,2000,1814,111659
20260425,1400,1816,70
20260425,2000,1819,294
20260425,2000,1815,58
20260427,2045,111273,62
20260501,2000,111376,115494
20260501,2000,1816,111273
20260501,2000,62,58
20260501,2000,294,1814
20260501,2000,1739,379
20260501,2000,70,1815
20260501,2000,110321,1823
20260501,2000,111659,1819
20260501,2000,111276,1805
20260508,2000,1823,111276
20260508,2000,1819,1816
20260508,2000,1815,62
20260508,2000,115494,111659
20260508,2000,1805,294
20260508,2000,111273,70
20260508,2000,58,1739
20260508,2000,379,110321
20260508,2000,1814,111376
