Date,Local Time,Home Team Id,Away Team Id
20230818,2030,38,21
20230819,1530,10029,25
20230819,1530,36,160
20230819,1530,175,111235
20230819,1530,100409,23
20230819,1530,32,112172
20230819,1830,22,31
20230820,1530,1831,169
20230820,1730,1824,110502
20230825,2030,112172,36
20230826,1530,111235,10029
20230826,1530,31,175
20230826,1530,110502,1831
20230826,1530,160,22
20230826,1530,25,38
20230826,1830,23,32
20230827,1530,169,1824
20230827,1730,21,100409
20230901,2030,22,111235
20230902,1530,32,110502
20230902,1530,100409,160
20230902,1530,10029,175
20230902,1530,38,169
20230902,1530,36,25
20230902,1830,23,21
20230903,1530,1824,31
20230903,1730,1831,112172
20230915,2030,21,32
20230916,1530,25,22
20230916,1530,175,1831
20230916,1530,31,10029
20230916,1530,169,36
20230916,1530,112172,100409
20230916,1830,160,1824
20230917,1530,111235,38
20230917,1730,110502,23
20230922,2030,36,110502
20230923,1530,21,160
20230923,1530,100409,169
20230923,1530,1831,10029
20230923,1530,23,112172
20230923,1530,22,175
20230923,1830,38,31
20230924,1530,32,111235
20230924,1730,1824,25
20230929,2030,10029,22
20230930,1530,160,23
20230930,1530,175,1824
20230930,1530,31,36
20230930,1530,169,32
20230930,1530,111235,1831
20230930,1830,112172,21
20231001,1530,110502,38
20231001,1730,25,100409
20231006,2030,23,169
20231007,1530,22,1831
20231007,1530,100409,110502
20231007,1530,36,175
20231007,1530,112172,160
20231007,1830,38,10029
20231008,1530,32,31
20231008,1730,21,25
20231008,1930,1824,111235
20231020,2030,22,38
20231021,1530,1831,36
20231021,1530,10029,1824
20231021,1530,25,160
20231021,1530,110502,112172
20231021,1530,175,32
20231021,1830,169,21
20231022,1530,31,23
20231022,1730,111235,100409
20231027,2030,23,111235
20231028,1530,100409,175
20231028,1530,36,10029
20231028,1530,160,169
20231028,1530,38,1831
20231028,1530,21,110502
20231028,1830,112172,31
20231029,1530,32,25
20231029,1730,1824,22
20231103,2030,111235,36
20231104,1530,169,112172
20231104,1530,31,100409
20231104,1530,1831,1824
20231104,1530,10029,32
20231104,1530,25,23
20231104,1830,22,21
20231105,1530,110502,160
20231105,1730,175,38
20231110,2030,100409,10029
20231111,1530,110502,169
20231111,1530,160,31
20231111,1530,36,22
20231111,1530,21,111235
20231111,2030,23,175
20231112,1530,112172,25
20231112,1730,32,1831
20231112,1930,38,1824
20231124,2030,1831,100409
20231125,1530,31,21
20231125,1530,1824,36
20231125,1530,38,32
20231125,1530,25,110502
20231125,1530,175,112172
20231125,1830,22,23
20231126,1530,111235,160
20231126,1730,10029,169
20231201,2030,160,175
20231202,1530,36,38
20231202,1530,110502,31
20231202,1530,23,10029
20231202,1530,100409,1824
20231202,1830,21,1831
20231203,1530,112172,111235
20231203,1730,169,25
20231203,1930,32,22
20231208,2030,111235,110502
20231209,1530,1824,21
20231209,1530,31,169
20231209,1530,1831,23
20231209,1530,175,25
20231209,1530,36,32
20231209,1830,22,112172
20231210,1530,10029,160
20231210,1730,38,100409
20231215,2030,23,38
20231216,1530,169,111235
20231216,1530,100409,22
20231216,1530,160,1831
20231216,1530,110502,175
20231216,1530,112172,10029
20231216,1830,21,36
20231217,1530,25,31
20231217,1730,32,1824
20231219,1830,22,169
20231219,2030,38,112172
20231219,2030,10029,110502
20231219,2030,175,21
20231220,1830,1824,23
20231220,2030,32,160
20231220,2030,1831,31
20231220,2030,36,100409
20231220,2030,111235,25
20240112,2030,112172,1824
20240113,1530,160,38
20240113,1530,31,111235
20240113,1530,100409,32
20240113,1530,169,175
20240113,1530,23,36
20240113,1830,25,1831
20240114,1530,110502,22
20240114,1730,21,10029
20240119,2030,21,38
20240120,1530,25,10029
20240120,1530,160,36
20240120,1530,23,100409
20240120,1530,169,1831
20240120,1530,111235,175
20240120,1830,31,22
20240121,1530,112172,32
20240121,1730,110502,1824
20240126,2030,22,160
20240127,1530,1824,169
20240127,1530,1831,110502
20240127,1530,100409,21
20240127,1530,36,112172
20240127,1530,38,25
20240127,1830,32,23
20240128,1530,175,31
20240128,1730,10029,111235
20240202,2030,25,36
20240203,1530,175,10029
20240203,1530,110502,32
20240203,1530,31,1824
20240203,1530,112172,1831
20240203,1530,111235,22
20240203,1830,21,23
20240204,1530,169,38
20240204,1730,160,100409
20240209,2030,32,21
20240210,1530,22,25
20240210,1530,1824,160
20240210,1530,100409,112172
20240210,1530,10029,31
20240210,1530,38,111235
20240210,1830,1831,175
20240211,1530,23,110502
20240211,1730,36,169
20240216,2030,31,38
20240217,1530,169,100409
20240217,1530,160,21
20240217,1530,110502,36
20240217,1530,175,22
20240217,1530,10029,1831
20240217,1830,112172,23
20240218,1530,111235,32
20240218,1730,25,1824
20240223,2030,36,31
20240224,1530,38,110502
20240224,1530,1831,111235
20240224,1530,23,160
20240224,1530,22,10029
20240224,1830,21,112172
20240225,1530,1824,175
20240225,1730,32,169
20240225,1930,100409,25
20240301,2030,1831,22
20240302,1530,169,23
20240302,1530,160,112172
20240302,1530,175,36
20240302,1530,110502,100409
20240302,1530,111235,1824
20240302,1830,25,21
20240303,1530,10029,38
20240303,1730,31,32
20240308,2030,100409,111235
20240309,1530,21,169
20240309,1530,38,22
20240309,1530,36,1831
20240309,1530,112172,110502
20240309,1830,23,31
20240310,1530,160,25
20240310,1730,32,175
20240310,1930,1824,10029
20240315,2030,111235,23
20240316,1530,169,160
20240316,1530,31,112172
20240316,1530,110502,21
20240316,1530,175,100409
20240316,1830,10029,36
20240317,1530,25,32
20240317,1730,1831,38
20240317,1930,22,1824
20240329,2030,1824,1831
20240330,1530,23,25
20240330,1530,100409,31
20240330,1530,38,175
20240330,1530,160,110502
20240330,1530,112172,169
20240330,1830,21,22
20240331,1530,32,10029
20240331,1730,36,111235
20240405,2030,175,23
20240406,1530,10029,100409
20240406,1530,22,36
20240406,1530,1831,32
20240406,1530,31,160
20240406,1530,111235,21
20240406,1830,25,112172
20240407,1530,1824,38
20240407,1730,169,110502
20240412,2030,100409,1831
20240413,1530,169,10029
20240413,1530,21,31
20240413,1530,110502,25
20240413,1530,160,111235
20240413,1530,112172,175
20240413,1830,23,22
20240414,1530,32,38
20240414,1730,36,1824
20240419,2030,38,36
20240420,1530,25,169
20240420,1530,10029,23
20240420,1530,175,160
20240420,1530,31,110502
20240420,1530,111235,112172
20240420,1830,1824,100409
20240421,1530,1831,21
20240421,1730,22,32
20240426,2030,23,1831
20240427,1530,169,31
20240427,1530,100409,38
20240427,1530,160,10029
20240427,1530,21,1824
20240427,1530,25,175
20240427,1830,112172,22
20240428,1530,32,36
20240428,1730,110502,111235
20240503,2030,10029,112172
20240504,1530,38,23
20240504,1530,175,110502
20240504,1530,22,100409
20240504,1530,31,25
20240504,1530,111235,169
20240504,1830,36,21
20240505,1530,1831,160
20240505,1730,1824,32
20240510,2030,169,22
20240511,1530,100409,36
20240511,1530,160,32
20240511,1530,110502,10029
20240511,1530,25,111235
20240511,1530,21,175
20240511,1830,31,1831
20240512,1530,112172,38
20240512,1730,23,1824
20240518,1530,1824,112172
20240518,1530,22,110502
20240518,1530,32,100409
20240518,1530,1831,25
20240518,1530,10029,21
20240518,1530,38,160
20240518,1530,175,169
20240518,1530,36,23
20240518,1530,111235,31
