Date,Local Time,Home Team Id,Away Team Id
20250822,2030,21,112172
20250823,1530,32,10029
20250823,1530,1831,36
20250823,1530,25,100409
20250823,1530,1824,38
20250823,1530,111235,175
20250823,1830,110329,22
20250824,1530,169,31
20250824,1730,23,28
20250829,2030,28,110329
20250830,1530,112172,111235
20250830,1530,38,32
20250830,1530,36,23
20250830,1530,10029,1824
20250830,1830,100409,21
20250831,1530,175,169
20250831,1730,22,1831
20250831,1530,31,25
20250913,1530,1831,10029
20250913,1530,25,36
20250913,1530,169,112172
20250913,1530,175,31
20250913,1530,111235,22
20250913,1830,21,28
20250913,2030,32,1824
20250914,1530,110329,100409
20250914,1730,23,38
20250919,2030,36,110329
20250920,1530,38,25
20250920,1530,28,111235
20250920,1530,10029,21
20250920,1530,100409,169
20250920,1830,112172,31
20250921,1530,1824,1831
20250921,1730,32,23
20250921,1930,22,175
20250926,2030,21,38
20250927,1530,110329,32
20250927,1530,175,112172
20250927,1530,169,22
20250927,1530,111235,100409
20250928,1730,31,36
20250927,1830,23,1824
20250928,1530,25,10029
20250928,1930,1831,28
20251003,2030,10029,31
20251004,1530,100409,175
20251004,1530,32,1831
20251004,1530,38,110329
20251004,1530,1824,21
20251004,1830,22,112172
20251005,1730,23,25
20251005,1530,36,111235
20251005,1530,28,169
20251017,2030,25,1824
20251018,1530,169,32
20251018,1530,1831,23
20251018,1530,110329,10029
20251018,1530,112172,28
20251018,1530,111235,38
20251018,1830,21,22
20251019,1530,175,36
20251019,1730,31,100409
20251024,2030,100409,112172
20251025,1530,28,175
20251025,1530,38,1831
20251025,1530,1824,110329
20251025,1530,22,31
20251025,1830,23,21
20251025,1530,10029,111235
20251026,1530,32,25
20251026,1730,36,169
20251031,2030,110329,23
20251101,1530,111235,1824
20251101,1530,100409,22
20251101,1530,169,38
20251101,1830,21,32
20251101,1530,175,10029
20251101,1530,31,28
20251102,1730,1831,25
20251102,1530,112172,36
20251107,2030,38,175
20251108,1530,32,111235
20251108,1530,1831,21
20251108,1530,23,31
20251108,1530,10029,112172
20251108,1830,28,22
20251109,1530,36,100409
20251109,1530,25,110329
20251109,1730,1824,169
20251121,2030,175,32
20251122,1530,31,1824
20251122,1530,22,36
20251122,1530,110329,1831
20251122,1830,112172,38
20251122,1530,111235,23
20251122,1530,21,25
20251123,1530,169,10029
20251123,1730,100409,28
20251128,2030,38,31
20251129,1530,21,110329
20251129,1530,10029,100409
20251129,1530,23,112172
20251129,1530,1831,111235
20251129,1830,32,22
20251129,1530,1824,175
20251130,1730,28,36
20251130,1530,25,169
20251205,2030,169,23
20251206,1530,111235,25
20251206,1530,36,21
20251206,1530,22,10029
20251206,1530,28,38
20251206,1530,100409,32
20251206,1830,112172,1824
20251207,1730,31,110329
20251207,1530,175,1831
20251212,2030,110329,111235
20251213,1830,32,31
20251213,1530,21,169
20251213,1530,1831,112172
20251213,1530,1824,100409
20251213,1530,10029,28
20251214,1730,25,22
20251214,1530,23,175
20251214,1530,38,36
20251219,2030,175,25
20251220,1530,22,23
20251220,1530,111235,21
20251220,1530,31,1831
20251220,1530,36,10029
20251220,1530,100409,38
20251220,1830,112172,32
20251221,1530,169,110329
20251221,1730,28,1824
20260109,2030,32,36
20260110,1530,25,28
20260110,1830,1824,22
20260110,1530,23,100409
20260110,1530,110329,112172
20260110,1530,38,10029
20260110,1530,111235,31
20260111,1730,21,175
20260111,1530,1831,169
20260113,1830,28,32
20260113,2030,22,38
20260113,2030,112172,25
20260113,2030,10029,23
20260114,1830,36,1824
20260114,2030,169,111235
20260114,2030,31,21
20260114,2030,100409,1831
20260114,2030,175,110329
20260116,2030,28,23
20260117,1530,10029,32
20260117,1530,31,169
20260117,1530,22,110329
20260117,1530,36,1831
20260117,1530,38,1824
20260117,1830,112172,21
20260118,1530,175,111235
20260118,1730,100409,25
20260123,2030,110329,28
20260124,1530,32,38
20260124,1530,1824,10029
20260124,1530,21,100409
20260124,1530,111235,112172
20260124,1830,1831,22
20260125,1530,169,175
20260125,1530,25,31
20260125,1730,23,36
20260130,2030,38,23
20260131,1530,28,21
20260131,1830,1824,32
20260131,1530,22,111235
20260131,1530,31,175
20260131,1530,100409,110329
20260131,1530,10029,1831
20260201,1530,112172,169
20260201,1730,36,25
20260206,2030,31,112172
20260207,1830,25,38
20260207,1530,21,10029
20260207,1530,1831,1824
20260207,1530,110329,36
20260207,1530,169,100409
20260207,1530,111235,28
20260208,1530,175,22
20260208,1730,23,32
20260213,2030,28,1831
20260214,1530,1824,23
20260214,1530,10029,25
20260214,1530,36,31
20260214,1530,22,169
20260214,1530,32,110329
20260214,1830,38,21
20260215,1530,112172,175
20260215,1730,100409,111235
20260220,2030,110329,38
20260221,1830,21,1824
20260221,1530,112172,22
20260221,1530,1831,32
20260221,1530,169,28
20260221,1530,175,100409
20260221,1530,31,10029
20260222,1530,111235,36
20260222,1730,25,23
20260227,2030,23,1831
20260228,1530,36,175
20260228,1830,22,21
20260228,1530,28,112172
20260228,1530,10029,110329
20260228,1530,38,111235
20260228,1530,100409,31
20260301,1730,32,169
20260301,1530,1824,25
20260306,2030,31,22
20260307,1530,110329,1824
20260307,1530,1831,38
20260307,1530,169,36
20260307,1830,175,28
20260307,1530,25,32
20260307,1530,21,23
20260308,1530,112172,100409
20260308,1730,111235,10029
20260313,2030,23,110329
20260314,1530,38,169
20260314,1530,1824,111235
20260314,1530,32,21
20260314,1530,22,100409
20260314,1830,28,31
20260314,1530,10029,175
20260315,1530,36,112172
20260315,1730,25,1831
20260320,2030,175,38
20260321,1530,111235,32
20260321,1530,21,1831
20260321,1530,112172,10029
20260321,1530,22,28
20260321,1830,31,23
20260322,1530,169,1824
20260322,1530,100409,36
20260322,1730,110329,25
20260403,2030,25,21
20260404,1530,36,22
20260404,1530,23,111235
20260404,1530,1824,31
20260404,1530,32,175
20260404,1530,28,100409
20260404,1830,38,112172
20260405,1730,1831,110329
20260405,1530,10029,169
20260410,2030,112172,23
20260411,1830,22,32
20260411,1530,110329,21
20260411,1530,175,1824
20260411,1530,100409,10029
20260411,1530,111235,1831
20260411,1530,31,38
20260412,1730,169,25
20260412,1530,36,28
20260417,2030,1831,175
20260418,1530,1824,112172
20260418,1530,10029,22
20260418,1530,110329,31
20260418,1830,38,28
20260418,1530,32,100409
20260419,1530,21,36
20260419,1730,25,111235
20260419,1530,23,169
20260424,2030,175,23
20260425,1530,100409,1824
20260425,1530,22,25
20260425,1530,31,32
20260425,1530,169,21
20260425,1530,28,10029
20260425,1830,112172,1831
20260426,1730,111235,110329
20260426,1530,36,38
20260501,2030,1831,31
20260502,1530,1824,28
20260502,1830,21,111235
20260502,1530,38,100409
20260502,1530,23,22
20260502,1530,32,112172
20260502,1530,25,175
20260503,1730,110329,169
20260503,1530,10029,36
20260508,2030,112172,110329
20260509,1530,175,21
20260509,1830,22,1824
20260509,1530,10029,38
20260509,1530,100409,23
20260509,1530,31,111235
20260510,1530,28,25
20260510,1530,36,32
20260510,1730,169,1831
20260516,1530,32,28
20260516,1530,23,10029
20260516,1530,21,31
20260516,1530,25,112172
20260516,1530,110329,175
20260516,1530,1831,100409
20260516,1530,38,22
20260516,1530,111235,169
20260516,1530,1824,36
