Date,Local Time,Home Team Id,Away Team Id
20250718,1900,1443,819
20250720,1400,15006,1788
20250720,1400,822,1786
20250720,1600,1447,271
20250720,1800,1516,272
20250720,2000,269,270
20250725,1900,271,1786
20250726,1800,819,822
20250727,1400,272,1443
20250727,1600,270,15006
20250727,1800,1788,269
20250728,1900,1516,1447
20250801,1800,15006,819
20250801,2000,822,272
20250803,1400,1786,270
20250803,1400,1447,1788
20250803,1600,271,1516
20250803,1800,269,1443
20250808,1800,819,271
20250808,2000,1443,1447
20250810,1400,1516,15006
20250810,1600,270,1788
20250810,1800,269,822
20250811,1900,272,1786
20250815,1800,1788,819
20250815,2000,15006,1447
20250817,1400,822,1516
20250817,1600,1443,270
20250817,1800,1786,269
20250818,1900,272,271
20250822,1900,819,272
20250824,1400,15006,1786
20250824,1400,1516,270
20250824,1600,1447,269
20250824,1800,271,822
20250825,1900,1788,1443
20250829,1900,822,1443
20250831,1400,271,15006
20250831,1400,270,1447
20250831,1600,272,1788
20250831,1800,1786,819
20250831,2000,269,1516
20250912,1900,269,819
20250914,1800,15006,822
20250914,1400,1788,1516
20250914,1600,270,272
20250914,1400,1447,1786
20250915,1900,1443,271
20250919,1900,271,269
20250921,1400,819,270
20250921,1600,1516,1443
20250921,1800,272,15006
20250921,1400,1786,1788
20250922,1900,822,1447
20250926,1900,1443,15006
20250928,1400,269,272
20250928,1800,1788,271
20250928,1600,270,822
20250928,1400,1447,819
20250929,1900,1516,1786
20251003,1900,271,270
20251005,1400,15006,269
20251005,1600,819,1516
20251005,1800,272,1447
20251005,1400,1786,1443
20251006,1900,822,1788
20251017,1900,1516,822
20251019,1400,269,271
20251019,1600,1788,1786
20251019,1800,1447,15006
20251019,1400,1443,272
20251020,1900,270,819
20251024,1900,1786,1447
20251026,1400,271,1788
20251026,1400,15006,1516
20251026,1600,819,1443
20251026,1800,822,270
20251027,1900,272,269
20251031,1900,1447,822
20251102,1400,819,15006
20251102,1600,1516,271
20251102,1800,270,269
20251102,1400,1443,1786
20251103,1900,1788,272
20251107,1900,15006,1443
20251109,1800,271,1447
20251109,1400,269,1788
20251109,1400,272,270
20251109,1600,822,819
20251110,1900,1786,1516
20251121,1900,1786,272
20251123,1800,819,269
20251123,1400,1788,15006
20251123,1600,1447,1516
20251123,1400,1443,822
20251124,1900,270,271
20251128,1900,271,819
20251130,1400,1516,1788
20251130,1800,272,822
20251130,1600,270,1786
20251130,1400,1447,1443
20251201,1900,269,15006
20251205,1900,1788,270
20251207,1400,819,1447
20251207,1400,1786,271
20251207,1600,822,269
20251207,1800,1443,1516
20251208,1900,15006,272
20260206,1900,1788,1447
20260208,1800,271,272
20260208,1400,269,1786
20260208,1600,270,1443
20260208,1400,822,15006
20260209,1900,1516,819
20260213,1900,272,1516
20260215,1800,15006,271
20260215,1400,819,1788
20260215,1400,1786,822
20260215,1600,1447,270
20260216,1900,1443,269
20260220,1900,271,1443
20260222,1400,269,1447
20260222,1800,1788,822
20260222,1600,272,819
20260222,1400,1786,15006
20260223,1900,270,1516
20260227,1900,15006,270
20260301,1400,819,1786
20260301,1600,1516,269
20260301,1800,1447,272
20260301,1400,822,271
20260302,1900,1443,1788
