Date,Local Time,Home Team Id,Away Team Id
20250801,2030,34,166
20250802,1300,1832,531
20250802,1300,10030,576
20250802,1300,110502,160
20250802,1300,580,171
20250802,2030,159,110636
20250803,1330,110588,110500
20250803,1330,485,29
20250803,1330,165,503
20250808,1830,171,110502
20250808,1830,531,10030
20250809,1300,503,110588
20250809,1300,110500,165
20250809,1300,110636,485
20250809,2030,29,34
20250810,1330,166,1832
20250810,1330,576,159
20250810,1330,160,580
20250822,1830,531,171
20250822,1830,580,29
20250823,1300,485,110588
20250823,1300,1832,110500
20250823,1300,10030,110636
20250823,2030,34,160
20250824,1330,159,503
20250824,1330,165,576
20250824,1330,110502,166
20250829,1830,171,10030
20250829,1830,166,580
20250830,1300,110500,159
20250830,1300,576,485
20250830,1300,160,531
20250830,2030,110636,1832
20250831,1330,29,110502
20250831,1330,110588,165
20250831,1330,503,34
20250912,1830,159,110588
20250912,1830,10030,160
20250913,1300,34,576
20250913,1300,1832,171
20250913,1300,110502,110500
20250913,2030,485,166
20250914,1330,531,110636
20250914,1330,165,29
20250914,1330,580,503
20250919,1830,29,531
20250919,1830,159,165
20250920,1300,110588,34
20250920,1300,110500,580
20250920,1300,166,10030
20250920,2030,171,160
20250921,1330,503,485
20250921,1330,110636,110502
20250921,1330,576,1832
20250926,1830,34,165
20250926,1830,110502,503
20250927,1330,1832,110588
20250927,1330,10030,29
20250927,1330,580,576
20250927,2030,160,110636
20250928,1330,171,166
20250928,1330,485,159
20250928,1330,531,110500
20251003,1830,29,160
20251003,1830,110588,580
20251004,1300,159,34
20251004,1300,503,1832
20251004,1300,110500,10030
20251004,2030,110636,171
20251005,1330,166,531
20251005,1300,576,110502
20251005,1330,165,485
20251017,1830,171,576
20251017,1830,110636,110500
20251018,1300,485,34
20251018,1300,1832,29
20251018,1300,531,503
20251018,2030,10030,159
20251019,1330,110502,110588
20251019,1300,580,165
20251019,1330,160,166
20251024,1830,29,171
20251024,1830,110588,531
20251025,1300,159,580
20251025,1300,503,10030
20251025,1300,110500,485
20251025,2030,34,110502
20251026,1330,166,110636
20251026,1300,576,160
20251026,1330,165,1832
20251031,1830,171,110500
20251031,1830,110636,29
20251101,1300,166,503
20251101,1300,1832,34
20251101,1300,531,576
20251101,2030,10030,165
20251102,1330,110502,159
20251102,1300,580,485
20251102,1330,160,110588
20251107,1830,29,166
20251107,1830,110588,10030
20251108,1300,159,1832
20251108,1300,503,171
20251108,1300,110500,160
20251108,2030,34,580
20251109,1330,485,110502
20251109,1300,576,110636
20251109,1330,165,531
20251121,1830,29,576
20251121,1830,171,159
20251122,1300,110636,110588
20251122,1300,166,110500
20251122,1300,1832,580
20251122,2030,531,34
20251123,1330,10030,485
20251123,1300,110502,165
20251123,1330,160,503
20251128,1830,110588,171
20251128,1830,159,531
20251129,1300,503,110636
20251129,1300,110500,29
20251129,1300,34,10030
20251129,2030,485,1832
20251130,1330,576,166
20251130,1300,165,160
20251130,1330,580,110502
20251205,1830,29,503
20251206,1300,171,165
20251205,1830,110500,576
20251206,1300,110636,34
20251206,1300,166,110588
20251206,2030,531,485
20251207,1330,10030,580
20251207,1300,110502,1832
20251207,1330,160,159
20251212,1830,110588,576
20251213,1300,159,29
20251212,1830,503,110500
20251213,1300,34,171
20251213,1300,485,160
20251213,2030,1832,10030
20251214,1330,165,166
20251214,1300,110502,531
20251214,1330,580,110636
20251220,1300,29,110588
20251220,1300,171,485
20251219,1830,110500,34
20251219,1830,110636,165
20251220,1300,166,159
20251220,2030,576,503
20251221,1330,531,580
20251221,1300,10030,110502
20251221,1330,160,1832
20260117,1300,29,485
20260117,1300,171,580
20260116,1830,503,165
20260116,1830,110500,110588
20260117,1300,110636,159
20260118,1330,166,34
20260118,1300,576,10030
20260118,1330,531,1832
20260117,2030,160,110502
20260123,1830,110588,503
20260123,1830,159,576
20260124,1300,34,29
20260124,1300,485,110636
20260124,1300,1832,166
20260125,1330,10030,531
20260125,1300,165,110500
20260124,2030,110502,171
20260125,1330,580,160
20260131,1300,29,580
20260131,1300,110588,485
20260131,1300,171,531
20260201,1330,503,159
20260130,1830,110500,1832
20260201,1300,110636,10030
20260131,2030,166,110502
20260130,1830,576,165
20260201,1330,160,34
20260207,1300,159,110500
20260206,1830,34,503
20260206,1830,485,576
20260207,1300,1832,110636
20260208,1330,531,160
20260208,1300,10030,171
20260207,1300,165,110588
20260207,2030,110502,29
20260208,1330,580,166
20260214,1300,29,165
20260214,1300,110588,159
20260214,1300,171,1832
20260213,1830,503,580
20260214,2030,110500,110502
20260213,1830,110636,531
20260215,1330,166,485
20260215,1300,576,34
20260215,1330,160,10030
20260221,1300,34,110588
20260222,1330,485,503
20260222,1300,1832,576
20260221,1300,531,29
20260221,1300,10030,166
20260220,1830,165,159
20260220,1830,110502,110636
20260222,1330,580,110500
20260221,2030,160,171
20260228,1300,29,10030
20260301,1330,110588,1832
20260301,1300,159,485
20260227,1830,503,110502
20260228,1300,110500,531
20260228,1300,110636,160
20260228,2030,166,171
20260301,1330,576,580
20260227,1830,165,34
20260307,1300,171,110636
20260308,1330,34,159
20260307,1300,485,165
20260308,1300,1832,503
20260306,1830,531,166
20260308,1330,10030,110500
20260306,1830,110502,576
20260307,1300,580,110588
20260307,2030,160,29
20260315,1330,29,1832
20260314,1300,110588,110502
20260315,1300,159,10030
20260314,1300,503,531
20260314,1300,110500,110636
20260313,1830,34,485
20260313,1830,166,160
20260315,1330,576,171
20260314,2030,165,580
20260322,1330,171,29
20260320,1830,110636,166
20260322,1300,485,110500
20260322,1330,1832,165
20260321,1300,531,110588
20260321,1300,10030,503
20260321,1300,110502,34
20260320,1830,580,159
20260321,2030,160,576
20260405,1330,29,110636
20260404,1300,110588,160
20260404,1300,159,110502
20260404,1300,503,166
20260405,1300,110500,171
20260403,1830,34,1832
20260403,1830,485,580
20260404,2030,576,531
20260405,1330,165,10030
20260412,1330,171,503
20260412,1300,110636,576
20260411,1300,166,29
20260410,1830,1832,159
20260411,1300,531,165
20260411,1300,10030,110588
20260410,1830,110502,485
20260412,1330,580,34
20260411,2030,160,110500
20260419,1330,110588,110636
20260419,1300,159,171
20260418,1300,503,160
20260417,1830,110500,166
20260419,1330,34,531
20260418,1300,485,10030
20260418,1300,576,29
20260418,2030,165,110502
20260417,1830,580,1832
20260426,1330,29,110500
20260426,1300,171,110588
20260426,1330,110636,503
20260425,1300,166,576
20260424,1830,1832,485
20260425,1300,531,159
20260424,1830,10030,34
20260425,1300,110502,580
20260425,2030,160,165
20260502,1300,110588,166
20260503,1330,159,160
20260502,1300,503,29
20260503,1300,34,110636
20260501,1830,485,531
20260502,1300,576,110500
20260501,1830,1832,110502
20260503,1330,165,171
20260502,2030,580,10030
20260510,1330,29,159
20260510,1300,171,34
20260510,1330,110500,503
20260509,1300,110636,580
20260509,1300,166,165
20260509,1300,576,110588
20260509,2030,531,110502
20260508,1830,10030,1832
20260508,1830,160,485
20260517,1530,110588,29
20260517,1530,159,166
20260517,1530,503,576
20260517,1530,34,110500
20260517,1530,485,171
20260517,1530,1832,160
20260517,1530,165,110636
20260517,1530,110502,10030
20260517,1530,580,531
