Date,Local Time,Home Team Id,Away Team Id
20250808,2145,234,744
20250809,1630,112513,121463
20250809,1630,1891,1888
20250809,1900,236,1887
20250809,2130,112809,1438
20250810,1900,114510,237
20250810,1630,10020,718
20250810,2130,1900,717
20250811,2145,1896,112516
20250815,2145,237,112513
20250816,2130,718,234
20250816,1630,121463,114510
20250816,1900,744,1891
20250816,1630,112516,112809
20250817,1900,717,1896
20250817,2130,1888,236
20250817,1530,1438,1900
20250818,2145,1887,10020
20250822,2145,234,112516
20250823,1630,112513,744
20250823,1630,718,717
20250823,1900,10020,1438
20250823,2130,112809,1888
20250824,1630,236,114510
20250824,1900,1896,121463
20250824,2130,1891,237
20250825,2145,1900,1887
20250829,2145,121463,112809
20250830,1630,114510,1891
20250830,1630,744,1896
20250830,1900,717,234
20250830,2130,1887,112513
20250831,1530,1438,718
20250831,1900,112516,10020
20250831,2130,237,236
20250901,2145,1888,1900
20250912,2145,112809,237
20250913,1630,112513,114510
20250913,1630,234,1438
20250913,1900,10020,121463
20250913,2130,718,1887
20250914,1630,717,112516
20250914,1900,236,1891
20250914,2130,1896,1888
20250915,2145,1900,744
20250919,2145,1891,112513
20250920,1630,114510,112809
20250920,1630,1888,10020
20250920,1900,121463,234
20250920,2130,237,1900
20250921,1630,744,236
20250921,2030,1438,717
20250921,1900,1887,1896
20250922,2145,112516,718
20250926,2145,717,1887
20250927,1630,234,1888
20250927,1630,10020,237
20250927,1900,1896,1891
20250927,2130,718,121463
20250928,1530,1438,112516
20250928,1900,112513,236
20250928,2130,1900,114510
20250929,2145,112809,744
20251003,2145,744,112516
20251004,1630,121463,717
20251004,1630,114510,10020
20251004,1900,237,1896
20251004,2130,1888,718
20251005,1630,1891,1900
20251005,1900,1887,1438
20251005,2130,236,234
20251006,2145,112513,112809
20251017,2145,10020,1891
20251018,1630,234,112513
20251018,1630,1900,236
20251018,1900,112516,237
20251018,2130,718,744
20251019,1530,1438,121463
20251019,1900,1896,114510
20251019,2130,112809,1887
20251020,2145,717,1888
20251024,2145,112513,1900
20251025,1630,114510,718
20251025,1630,237,717
20251025,1900,236,1896
20251025,2130,1888,1438
20251026,1630,1887,234
20251026,1900,121463,112516
20251026,2130,744,10020
20251027,2145,1891,112809
20251031,2145,121463,1888
20251101,1630,112809,236
20251101,1530,1438,237
20251101,1900,234,114510
20251101,2130,112516,1887
20251102,1630,717,744
20251102,1900,10020,112513
20251102,2130,1896,1900
20251103,2145,718,1891
20251107,2145,114510,717
20251108,1630,1888,112516
20251108,1630,1891,234
20251108,1900,236,10020
20251108,2130,1900,112809
20251109,1630,112513,1896
20251109,1900,237,718
20251109,2130,1887,121463
20251110,2145,744,1438
20251121,2045,1438,114510
20251122,1630,112809,1896
20251122,1630,234,237
20251122,1900,717,1891
20251122,2130,10020,1900
20251123,1630,112516,236
20251123,1900,121463,744
20251123,2130,718,112513
20251124,2145,1887,1888
20251128,2145,236,718
20251129,1630,1900,234
20251129,1630,237,121463
20251129,1900,1896,1438
20251129,2130,744,1887
20251130,1630,112513,717
20251130,1900,114510,1888
20251130,2130,112809,10020
20251201,2145,1891,112516
20251205,2145,234,112809
20251206,1630,717,236
20251206,1630,1887,237
20251206,1900,1888,744
20251206,2130,112516,114510
20251207,1630,10020,1896
20251207,1800,1438,112513
20251207,2130,121463,1891
20251208,2145,718,1900
20251212,2145,237,744
20251213,1630,114510,1887
20251213,1630,10020,717
20251213,1900,1891,1438
20251213,2130,112809,718
20251214,1630,1896,234
20251214,1900,112513,1888
20251214,2130,1900,112516
20251215,2145,236,121463
20251219,2145,234,10020
20251220,1630,717,112809
20251220,1630,718,1896
20251220,1900,121463,1900
20251220,2130,744,114510
20251221,1530,1438,236
20251221,1900,112516,112513
20251221,2130,1887,1891
20251222,2145,1888,237
20260116,2145,1888,1891
20260117,1630,717,1900
20260117,1630,744,234
20260117,1900,237,114510
20260117,2130,718,10020
20260118,1530,1438,112809
20260118,1900,112516,1896
20260118,2130,1887,236
20260119,2145,121463,112513
20260123,2145,234,718
20260124,1630,112513,237
20260124,1630,114510,121463
20260124,1900,10020,1887
20260124,2130,112809,112516
20260125,1630,236,1888
20260125,1900,1900,1438
20260125,2130,1891,744
20260126,2145,1896,717
20260130,2145,237,1891
20260131,1630,121463,1896
20260131,1630,114510,236
20260131,1900,717,718
20260131,2130,1888,112809
20260201,1530,1438,10020
20260201,1900,112516,234
20260201,2130,744,112513
20260202,2145,1887,1900
20260206,2145,234,717
20260207,1630,112513,1887
20260207,1630,718,1438
20260207,1900,10020,112516
20260207,2130,112809,121463
20260208,1630,1900,1888
20260208,1900,1891,114510
20260208,2130,236,237
20260209,2145,1896,744
20260213,2145,237,112809
20260214,1630,1888,1896
20260214,1630,1891,236
20260214,1900,121463,10020
20260214,2130,114510,112513
20260215,1530,1438,234
20260215,1900,744,1900
20260215,2130,112516,717
20260216,2145,1887,718
20260220,2145,234,121463
20260221,1630,717,1438
20260221,1630,112513,1891
20260221,1900,10020,1888
20260221,2130,718,112516
20260222,1630,236,744
20260222,1900,1900,237
20260222,2130,112809,114510
20260223,2145,1896,1887
20260227,2145,237,10020
20260228,1630,236,112513
20260228,1630,1888,234
20260228,1900,121463,718
20260228,2130,114510,1900
20260301,1630,1891,1896
20260301,1900,112516,1438
20260301,2130,744,112809
20260302,2145,1887,717
20260306,2145,1896,237
20260307,1630,10020,114510
20260307,1630,718,1888
20260307,1900,112809,112513
20260307,2130,1900,1891
20260308,1530,1438,1887
20260308,1900,717,121463
20260308,2130,234,236
20260309,2145,112516,744
20260313,2145,237,112516
20260314,1630,112513,234
20260314,1630,121463,1438
20260314,1900,114510,1896
20260314,2130,236,1900
20260315,1630,1888,717
20260315,1900,1891,10020
20260315,2130,744,718
20260316,2145,1887,112809
20260320,2145,234,1887
20260321,1630,717,237
20260321,1630,10020,744
20260321,1900,718,114510
20260321,2130,112809,1891
20260322,1530,1438,1888
20260322,1900,1896,236
20260322,2130,1900,112513
20260323,2145,112516,121463
20260403,2145,237,1438
20260404,1630,114510,234
20260404,1630,236,112809
20260404,1900,112513,10020
20260404,2130,1888,121463
20260405,1630,1900,1896
20260405,1900,1891,718
20260405,2130,744,717
20260406,2145,1887,112516
20260410,2145,234,1891
20260411,1630,10020,236
20260411,1630,718,237
20260411,1900,717,114510
20260411,2130,121463,1887
20260412,1530,1438,744
20260412,1900,1896,112513
20260412,2130,112809,1900
20260413,2145,112516,1888
20260417,2145,236,112516
20260418,1630,112513,718
20260418,1630,114510,1438
20260418,1900,1888,1887
20260418,2130,1900,10020
20260419,1630,1891,717
20260419,1900,744,121463
20260419,2130,237,234
20260420,2145,1896,112809
20260424,2145,234,1900
20260425,1630,121463,237
20260425,1630,718,236
20260425,1900,717,112513
20260425,2130,10020,112809
20260426,1530,1438,1896
20260426,1900,1888,114510
20260426,2130,112516,1891
20260427,2145,1887,744
20260501,2145,237,1887
20260502,1630,112513,1438
20260502,1630,112809,234
20260502,1900,236,717
20260502,2130,114510,112516
20260503,1630,1900,718
20260503,1900,1891,121463
20260503,2130,744,1888
20260504,2145,1896,10020
20260508,2145,234,1896
20260509,1630,717,10020
20260509,1630,121463,236
20260509,1900,718,112809
20260509,2130,1888,112513
20260510,1630,744,237
20260510,1800,1438,1891
20260510,2130,112516,1900
20260511,2145,1887,114510
20260515,2145,237,1888
20260516,1630,112513,112516
20260516,1630,10020,234
20260516,1900,114510,744
20260516,2130,112809,717
20260517,1630,236,1438
20260517,1900,1900,121463
20260517,2130,1891,1887
20260518,2145,1896,718
