Date,Local Time,Home Team Id,Away Team Id
20250823,1830,110556,347
20250823,1830,111974,48
20250823,2045,47,111434
20250823,2045,52,189
20250824,1830,1842,110374
20250824,1830,1745,46
20250824,2045,39,110738
20250824,2045,45,50
20250825,1830,55,206
20250825,2045,44,54
20250829,1830,111434,111974
20250829,2045,347,47
20250830,1830,189,1745
20250830,1830,50,39
20250830,2045,48,1842
20250830,2045,110738,52
20250831,1830,110556,45
20250831,1830,54,110374
20250831,2045,44,55
20250831,2045,46,206
20250913,1500,1842,50
20250913,1800,45,44
20250913,2045,110374,48
20250914,1230,52,54
20250914,1500,39,347
20250914,1500,110738,55
20250914,1800,111974,46
20250914,2045,47,189
20250915,1830,206,111434
20250915,2045,1745,110556
20250919,2045,111434,50
20250920,1500,110374,1745
20250920,1800,44,111974
20250920,2045,54,39
20250921,1230,48,110738
20250921,1500,189,110556
20250921,1500,55,47
20250921,1800,46,52
20250921,2045,206,45
20250922,2045,347,1842
20250926,2045,111974,55
20250927,1500,1745,111434
20250927,1800,47,48
20250927,2045,110738,110374
20250928,1230,45,39
20250928,1500,50,54
20250928,1500,52,206
20250928,1800,1842,44
20250928,2045,110556,46
20250929,2045,347,189
20251003,2045,206,111974
20251004,1500,55,1842
20251004,1800,44,111434
20251004,2045,48,110556
20251005,1230,110374,52
20251005,1500,39,1745
20251005,1500,189,110738
20251005,1500,46,54
20251005,1800,50,347
20251005,2045,45,47
20251017,2045,1842,189
20251018,1500,111434,55
20251018,1800,1745,45
20251018,2045,54,48
20251019,1230,39,46
20251019,1500,110556,50
20251019,1500,110738,206
20251019,1800,52,44
20251019,2045,47,110374
20251020,2045,347,111974
20251024,2045,55,347
20251025,1500,54,110556
20251025,1800,47,110738
20251025,2045,111974,52
20251026,1230,46,45
20251026,1500,110374,189
20251026,1500,50,1745
20251026,1800,111434,39
20251026,2045,48,44
20251027,2045,206,1842
20251028,1800,189,54
20251028,1800,45,55
20251028,2045,39,47
20251028,2045,52,50
20251029,2045,1842,111974
20251029,2045,1745,206
20251029,2045,110556,111434
20251029,2045,44,110374
20251029,2045,347,48
20251029,2045,110738,46
20251031,2045,54,110738
20251101,1500,111434,45
20251101,1800,111974,110556
20251101,2045,48,1745
20251102,1230,47,52
20251102,1500,50,189
20251102,1500,55,39
20251102,1800,110374,347
20251102,2045,206,44
20251103,2045,46,1842
20251107,2045,347,206
20251108,1500,110556,110374
20251108,1800,1745,1842
20251108,2045,39,111974
20251109,1230,189,48
20251109,1500,44,46
20251109,1500,110738,111434
20251109,1500,52,55
20251109,1800,50,47
20251109,2045,45,54
20251121,2045,54,1745
20251122,1500,111974,110738
20251122,1800,46,347
20251122,2045,111434,52
20251123,1230,48,39
20251123,1500,110374,45
20251123,1500,55,189
20251123,1800,1842,110556
20251123,2045,44,47
20251124,2045,206,50
20251128,2045,47,46
20251129,1500,1745,111974
20251129,1800,52,48
20251129,2045,39,110374
20251130,1230,347,54
20251130,1500,110556,206
20251130,1500,110738,44
20251130,1800,50,55
20251130,2045,45,1842
20251201,2045,189,111434
20251205,2045,44,1745
20251206,1500,111434,347
20251206,1800,111974,110374
20251206,2045,54,47
20251207,1230,48,45
20251207,1500,206,39
20251207,1500,55,110556
20251207,1800,1842,52
20251207,2045,46,189
20251208,2045,110738,50
20251212,2045,54,111434
20251213,1500,110374,206
20251213,1800,47,111974
20251213,2045,39,1842
20251214,1230,110556,44
20251214,1500,347,110738
20251214,1500,52,1745
20251214,1800,50,46
20251214,2045,55,48
20251215,2045,189,45
20251220,1500,111974,54
20251220,1800,47,1745
20251220,2045,48,50
20251221,1230,206,189
20251221,1500,1842,110738
20251221,1500,44,347
20251221,1500,46,111434
20251221,1800,110374,55
20251221,2045,45,52
20251222,2045,110556,39
20251227,1500,47,206
20251227,1800,54,1842
20251227,2045,50,110374
20251228,1230,110738,45
20251228,1500,189,111974
20251228,1500,111434,48
20251228,1500,52,110556
20251228,1500,55,46
20251228,1800,347,1745
20251228,2045,39,44
20260103,1500,1745,55
20260103,1800,44,189
20260103,2045,39,52
20260104,1230,46,48
20260104,1500,1842,47
20260104,1500,110374,111434
20260104,1500,206,54
20260104,1500,111974,50
20260104,1800,110556,110738
20260104,2045,45,347
20260106,2045,189,39
20260106,2045,54,55
20260107,1800,111434,1842
20260107,2045,46,110374
20260107,2045,347,52
20260107,2045,47,110556
20260107,2045,48,206
20260107,2045,50,44
20260107,1800,110738,1745
20260107,2045,111974,45
20260110,1500,206,46
20260110,1800,1745,189
20260110,2045,39,54
20260110,2045,44,48
20260111,1230,45,111434
20260111,1500,110556,1842
20260111,1500,55,110738
20260111,1800,347,50
20260111,2045,110374,47
20260112,2045,52,111974
20260116,2045,111434,206
20260117,1500,189,110374
20260117,1800,54,52
20260117,2045,47,347
20260118,1230,1842,45
20260118,1500,46,1745
20260118,1500,48,111974
20260118,1800,55,44
20260118,2045,50,110556
20260119,2045,110738,39
20260123,2045,110556,189
20260124,1500,1745,54
20260124,1800,44,110738
20260124,2045,39,50
20260125,1230,45,48
20260125,1500,110374,1842
20260125,1500,111974,111434
20260125,1800,206,55
20260125,2045,347,46
20260126,2045,52,47
20260130,2045,48,110374
20260131,1500,54,347
20260131,1800,111434,44
20260131,2045,1745,39
20260201,1230,46,110556
20260201,1500,189,47
20260201,1500,55,52
20260201,1800,1842,206
20260201,2045,50,45
20260202,2045,110738,111974
20260206,2045,189,50
20260207,1500,206,110738
20260207,1800,1745,47
20260207,2045,45,46
20260208,1230,39,111434
20260208,1500,347,55
20260208,1500,52,1842
20260208,1800,111974,44
20260208,2045,110556,48
20260209,2045,110374,54
20260213,2045,54,189
20260214,1500,1745,110374
20260214,1800,111434,110556
20260214,2045,44,45
20260215,1230,46,39
20260215,1500,50,206
20260215,1500,55,111974
20260215,1800,110738,47
20260215,2045,48,52
20260216,2045,1842,347
20260220,2045,111974,206
20260221,1500,189,55
20260221,1800,110374,110738
20260221,2045,39,48
20260222,1230,47,50
20260222,1500,347,44
20260222,1500,52,111434
20260222,1800,1842,46
20260222,2045,45,1745
20260223,2045,110556,54
20260227,2045,55,110374
20260228,1500,1745,347
20260228,1800,54,46
20260228,2045,44,110556
20260301,1230,110738,189
20260301,1500,206,48
20260301,1500,52,45
20260301,1800,111434,47
20260301,2045,111974,39
20260302,2045,50,1842
20260306,2045,189,206
20260307,1500,1842,1745
20260307,1800,47,44
20260307,2045,39,55
20260308,1230,46,111974
20260308,1500,110556,52
20260308,1500,347,111434
20260308,1800,45,110738
20260308,2045,48,54
20260309,2045,110374,50
20260313,2045,54,50
20260314,1500,110738,1842
20260314,1800,48,347
20260314,2045,111974,189
20260315,1230,46,47
20260315,1500,1745,52
20260315,1500,111434,110374
20260315,1800,44,39
20260315,2045,55,45
20260316,2045,206,110556
20260320,2045,52,347
20260321,1500,189,46
20260321,1800,1842,48
20260321,2045,39,206
20260322,1230,110374,44
20260322,1500,1745,110738
20260322,1500,110556,55
20260322,1500,47,54
20260322,1800,50,111434
20260322,2045,45,111974
20260404,1500,206,110374
20260404,1500,45,110556
20260404,1800,111974,1842
20260404,2045,48,47
20260405,1230,44,52
20260405,1500,46,50
20260405,1500,110738,54
20260405,1800,111434,189
20260405,1800,55,1745
20260405,2045,347,39
20260410,2045,54,206
20260411,1500,189,347
20260411,1800,52,110738
20260411,2045,110374,46
20260412,1230,47,55
20260412,1500,1842,111434
20260412,1500,110556,111974
20260412,1800,1745,44
20260412,2045,50,48
20260413,2045,39,45
20260417,2045,55,50
20260418,1500,111434,54
20260418,1800,347,110374
20260418,2045,45,189
20260419,1230,44,1842
20260419,1500,110738,110556
20260419,1500,52,39
20260419,1800,111974,1745
20260419,2045,48,46
20260420,2045,206,47
20260424,2045,1842,39
20260425,1500,110556,1745
20260425,1800,206,347
20260425,2045,47,45
20260426,1230,50,110738
20260426,1500,189,52
20260426,1500,46,55
20260426,1800,54,44
20260426,2045,110374,111974
20260427,2045,48,111434
20260501,2045,110738,347
20260502,1500,55,54
20260502,1800,189,1842
20260502,2045,45,206
20260503,1230,44,50
20260503,1500,52,110374
20260503,1500,111974,47
20260503,1800,111434,46
20260503,2045,39,110556
20260504,2045,1745,48
20260508,2045,1842,55
20260509,1500,54,111974
20260509,1800,50,52
20260509,2045,347,45
20260510,1230,47,39
20260510,1500,111434,110738
20260510,1500,46,44
20260510,1800,110374,110556
20260510,2045,48,189
20260511,2045,206,1745
20260516,2045,52,46
20260517,1500,39,189
20260517,1500,1842,54
20260517,1500,1745,50
20260517,1500,110556,47
20260517,1500,44,206
20260517,1500,45,110374
20260517,1500,110738,48
20260517,1500,111974,347
20260517,1500,55,111434
20260523,2045,54,45
20260524,1500,189,44
20260524,1500,111434,1745
20260524,1500,110374,39
20260524,1500,206,52
20260524,1500,46,110738
20260524,1500,347,110556
20260524,1500,47,1842
20260524,1500,48,55
20260524,1500,50,111974
