Date,Local Time,Home Team Id,Away Team Id
20230819,1830,1746,206
20230819,1830,111657,116365
20230819,2045,110556,110374
20230819,2045,44,111811
20230820,1830,111974,115845
20230820,1830,114912,110373
20230820,2045,55,45
20230820,2045,347,115841
20230821,1830,54,1842
20230821,2045,189,47
20230826,1830,111811,1746
20230826,1830,111657,115845
20230826,2045,47,54
20230826,2045,206,114912
20230827,1830,45,189
20230827,1830,110374,347
20230827,2045,115841,110556
20230827,2045,116365,111974
20230828,1830,110373,55
20230828,2045,1842,44
20230901,1830,111974,206
20230901,2045,114912,47
20230902,1830,55,111657
20230902,1830,189,1842
20230902,2045,116365,115841
20230902,2045,115845,111811
20230903,1830,44,110374
20230903,1830,54,110556
20230903,2045,347,110373
20230903,2045,1746,45
20230916,1500,45,115841
20230916,1800,44,47
20230916,2045,110556,116365
20230917,1230,1842,55
20230917,1500,111657,111974
20230917,1500,111811,347
20230917,1500,110374,115845
20230917,1800,114912,1746
20230917,2045,110373,54
20230918,2045,206,189
20230923,1500,115845,1842
20230923,1800,189,116365
20230923,2045,1746,44
20230924,1230,115841,111811
20230924,1500,47,206
20230924,1500,347,110556
20230924,1500,110373,111657
20230924,1800,111974,45
20230924,2045,54,114912
20230925,2045,55,110374
20230926,1830,1746,110373
20230926,1830,1842,47
20230926,2045,111657,110374
20230926,2045,110556,114912
20230927,1830,45,347
20230927,1830,44,111974
20230927,2045,111811,189
20230927,2045,115841,54
20230928,1830,116365,55
20230928,2045,206,115845
20230929,1500,115845,45
20230930,1800,189,1746
20230930,2045,110374,1842
20231001,1230,347,116365
20231001,1500,47,115841
20231001,1500,110373,44
20231001,1500,114912,111657
20231001,1800,111974,111811
20231001,2045,54,206
20231002,2045,55,110556
20231006,1500,347,111974
20231007,1800,111811,110373
20231007,2045,116365,110374
20231008,1230,1842,114912
20231008,1500,1746,55
20231008,1500,110556,47
20231008,1500,111657,206
20231008,1800,44,189
20231008,2045,45,54
20231009,2045,115841,115845
20231020,1500,115845,110556
20231021,1800,189,111657
20231021,2045,110374,1746
20231022,1230,47,45
20231022,1500,110373,1842
20231022,1500,111974,115841
20231022,1500,114912,111811
20231022,1800,54,44
20231022,2045,55,347
20231023,2045,206,116365
20231027,1500,1842,111657
20231028,1800,1746,115845
20231028,2045,110556,110373
20231029,1230,44,114912
20231029,1500,45,206
20231029,1500,347,54
20231029,1500,115841,110374
20231029,1800,111811,55
20231029,2045,116365,47
20231030,2045,111974,189
20231103,1500,115845,44
20231104,1800,189,115841
20231104,2045,1842,110556
20231105,1230,110374,45
20231105,1500,111657,1746
20231105,1500,47,55
20231105,1500,114912,347
20231105,1800,110373,116365
20231105,2045,54,111974
20231106,2045,206,111811
20231110,1500,110556,206
20231111,1800,110374,189
20231111,2045,55,115845
20231112,1230,44,111657
20231112,1500,347,47
20231112,1500,45,1842
20231112,1500,115841,114912
20231112,1800,111811,54
20231112,2045,116365,1746
20231113,2045,111974,110373
20231124,1500,115845,116365
20231125,1800,189,54
20231125,2045,1842,111811
20231126,1230,1746,111974
20231126,1500,47,110374
20231126,1500,45,44
20231126,1500,111657,110556
20231126,1800,114912,55
20231126,2045,110373,115841
20231127,2045,206,347
20231201,1500,110374,110373
20231202,1800,110556,1746
20231202,2045,115841,1842
20231203,1230,347,189
20231203,1500,47,111657
20231203,1500,111811,45
20231203,1500,116365,44
20231203,1800,111974,114912
20231203,2045,54,115845
20231204,2045,55,206
20231208,1500,115845,47
20231209,1800,1842,111974
20231209,2045,1746,347
20231210,1230,111657,54
20231210,1500,111811,110556
20231210,1500,45,116365
20231210,1500,44,55
20231210,1800,114912,110374
20231210,2045,110373,189
20231211,2045,206,115841
20231215,1500,347,111657
20231216,1800,189,114912
20231216,2045,110374,206
20231217,1230,110556,45
20231217,1500,47,111811
20231217,1500,115841,44
20231217,1500,115845,110373
20231217,1800,116365,1842
20231217,2045,54,1746
20231218,2045,55,111974
20231222,1830,111657,45
20231222,1830,44,347
20231222,2045,111811,110374
20231222,2045,114912,116365
20231223,1230,110373,47
20231223,1500,54,55
20231223,1500,111974,110556
20231223,1800,206,1842
20231223,1800,189,115845
20231223,2045,1746,115841
20231229,1830,1842,1746
20231229,1830,115845,347
20231229,2045,110556,44
20231229,2045,110374,54
20231230,1230,45,114912
20231230,1500,47,111974
20231230,1500,115841,111657
20231230,1800,116365,111811
20231230,1800,55,189
20231230,2045,206,110373
20240105,1500,189,110556
20240106,1800,1746,47
20240106,2045,111657,111811
20240107,1230,44,206
20240107,1500,347,1842
20240107,1500,110373,45
20240107,1500,114912,115845
20240107,1800,111974,110374
20240107,2045,54,116365
20240108,2045,55,115841
20240112,1500,115845,111657
20240113,1800,1842,189
20240113,2045,110374,55
20240114,1230,110556,54
20240114,1500,47,114912
20240114,1500,45,111974
20240114,1500,115841,347
20240114,1800,111811,44
20240114,2045,116365,110373
20240115,2045,206,1746
20240119,1500,114912,206
20240120,1800,110373,110556
20240120,2045,111974,116365
20240121,1230,54,115841
20240121,1500,55,47
20240121,1500,189,110374
20240121,1500,1746,111811
20240121,1800,111657,1842
20240121,2045,44,115845
20240122,2045,347,45
20240126,1500,115845,55
20240127,1800,1842,54
20240127,2045,110374,44
20240128,1230,110556,347
20240128,1500,47,189
20240128,1500,45,1746
20240128,1500,115841,116365
20240128,1800,111811,111974
20240128,2045,110373,114912
20240129,2045,206,111657
20240202,1500,115845,115841
20240203,1800,189,111974
20240203,2045,1746,110556
20240204,1230,111657,47
20240204,1500,44,45
20240204,1500,347,110374
20240204,1500,116365,206
20240204,1800,114912,1842
20240204,2045,54,110373
20240205,2045,55,111811
20240209,1500,189,347
20240210,1800,1842,115841
20240210,2045,110374,111657
20240211,1230,110556,115845
20240211,1500,111811,206
20240211,1500,47,116365
20240211,1500,45,55
20240211,1800,114912,44
20240211,2045,110373,1746
20240212,2045,111974,54
20240216,1500,54,347
20240217,1800,55,1842
20240217,2045,206,45
20240218,1230,115845,111974
20240218,1500,44,110373
20240218,1500,1746,110374
20240218,1500,111657,114912
20240218,1800,115841,189
20240218,2045,111811,47
20240219,2045,116365,110556
20240223,1500,189,206
20240224,1800,1842,116365
20240224,2045,110374,115841
20240225,1230,110556,55
20240225,1500,47,115845
20240225,1500,45,111657
20240225,1500,347,44
20240225,1800,114912,54
20240225,2045,110373,111811
20240226,2045,111974,1746
20240301,1500,115845,189
20240302,1800,1746,1842
20240302,2045,111657,347
20240303,1230,44,110556
20240303,1500,111811,114912
20240303,1500,116365,45
20240303,1500,115841,47
20240303,1800,54,110374
20240303,2045,55,110373
20240304,2045,206,111974
20240308,1500,189,44
20240309,1800,1842,110373
20240309,2045,110374,114912
20240310,1230,110556,111811
20240310,1500,347,206
20240310,1500,45,115845
20240310,1500,115841,55
20240310,1800,47,1746
20240310,2045,116365,54
20240311,2045,111974,111657
20240315,1500,115845,110374
20240316,1800,1746,189
20240316,2045,111657,115841
20240317,1230,44,116365
20240317,1500,45,110556
20240317,1500,111811,1842
20240317,1500,114912,111974
20240317,1800,110373,347
20240317,2045,55,54
20240318,2045,206,47
20240330,1230,189,110373
20240330,1500,1842,206
20240330,1500,110374,47
20240330,1800,110556,111657
20240330,1800,44,1746
20240330,2045,115841,45
20240401,1830,116365,115845
20240401,1830,347,114912
20240401,2045,111974,55
20240401,2045,54,111811
20240405,1500,1842,115845
20240406,1800,1746,54
20240406,2045,111657,189
20240407,1230,45,110374
20240407,1500,47,347
20240407,1500,111811,116365
20240407,1500,114912,115841
20240407,1800,110373,111974
20240407,2045,55,44
20240408,2045,206,110556
20240412,1500,115845,206
20240413,1800,189,111811
20240413,2045,110374,110556
20240414,1230,44,1842
20240414,1500,347,1746
20240414,1500,116365,111657
20240414,1500,115841,110373
20240414,1800,111974,47
20240414,2045,54,45
20240415,2045,55,114912
20240419,1500,1842,45
20240420,1800,1746,116365
20240420,2045,110556,115841
20240421,1230,47,44
20240421,1500,111811,115845
20240421,1500,110373,110374
20240421,1500,114912,189
20240421,1800,111974,347
20240421,2045,54,111657
20240422,2045,206,55
20240426,1500,111657,110373
20240427,1800,110556,1842
20240427,2045,44,54
20240428,1230,45,47
20240428,1500,347,111811
20240428,1500,115841,206
20240428,1500,116365,114912
20240428,1800,115845,1746
20240428,2045,189,55
20240429,2045,110374,111974
20240503,1500,1842,347
20240504,1800,1746,111657
20240504,2045,47,110556
20240505,1230,111811,115841
20240505,1500,111974,44
20240505,1500,110373,115845
20240505,1500,114912,45
20240505,1800,54,189
20240505,2045,55,116365
20240506,2045,206,110374
20240510,1500,115845,114912
20240511,1800,110374,111811
20240511,2045,111657,44
20240512,1230,110556,111974
20240512,1500,347,55
20240512,1500,45,110373
20240512,1500,115841,1746
20240512,1800,47,1842
20240512,2045,116365,189
20240513,2045,206,54
20240517,1500,189,45
20240518,1800,110374,116365
20240518,2045,44,115841
20240519,1230,347,115845
20240519,1500,110373,206
20240519,1500,111811,111657
20240519,1500,114912,110556
20240519,1800,111974,1842
20240519,2045,54,47
20240520,2045,55,1746
20240526,2045,110556,189
20240526,2045,111657,55
20240526,2045,45,111811
20240526,2045,206,44
20240526,2045,47,110373
20240526,2045,1746,114912
20240526,2045,1842,110374
20240526,2045,115841,111974
20240526,2045,116365,347
20240526,2045,115845,54
