DatePlayed,KickOffTime,HomeTeamId,AwayTeamId
20250222,2130,112996,111138
20250222,1930,112893,112828
20250222,130,113018,694
20250222,30,113149,689
20250222,130,114161,696
20250222,130,114162,691
20250222,330,111144,114640
20250222,330,111928,111065
20250222,30,112606,112134
20250222,30,112885,111139
20250222,130,698,695
20250222,30,687,693
20250222,30,688,111651
20250223,2100,111140,101112
20250223,0,697,131439
20250301,1900,114640,112885
20250301,2130,111065,111144
20250301,30,691,687
20250301,130,693,688
20250301,130,111138,111139
20250301,30,689,114162
20250301,230,694,695
20250301,130,696,111928
20250301,330,112996,112828
20250301,330,111140,114161
20250301,30,112606,111651
20250301,30,112134,113149
20250301,330,131439,113018
20250302,2200,101112,697
20250302,0,698,112893
20250308,230,101112,111139
20250308,30,688,696
20250308,130,695,693
20250308,30,691,112134
20250308,230,111065,131439
20250308,130,114162,111140
20250308,130,114161,694
20250308,30,113149,111651
20250308,30,112885,689
20250308,30,112828,112606
20250308,330,111928,111138
20250309,2130,111144,112996
20250309,1930,687,698
20250309,2100,112893,114640
20250310,2300,697,113018
20250315,1930,112996,114161
20250315,1830,111651,693
20250315,1830,689,112606
20250315,0,696,111138
20250315,30,698,111065
20250315,30,695,101112
20250315,230,111928,694
20250315,30,113018,111144
20250315,230,131439,687
20250316,2030,111140,697
20250316,1800,112134,114162
20250316,2330,114640,113149
20250316,2330,112828,691
20250316,2330,688,111139
20250317,2300,112885,112893
20250322,1830,113149,112885
20250322,2030,111138,697
20250322,130,111065,695
20250322,130,694,111140
20250322,30,696,112996
20250322,230,101112,693
20250322,30,114162,111139
20250322,230,111144,698
20250323,2000,114161,131439
20250323,2330,114640,111928
20250323,2330,112134,113018
20250323,2330,112606,688
20250323,2330,687,112828
20250323,2330,689,111651
20250329,2030,694,114640
20250329,1830,691,689
20250329,1830,111651,101112
20250329,30,114162,113149
20250329,30,695,696
20250329,30,693,111139
20250329,30,111138,111065
20250329,330,697,112606
20250329,330,111928,111144
20250329,330,131439,112996
20250330,1900,113018,114161
20250330,0,111140,698
20250330,2330,112885,112828
20250330,2330,112893,112134
20250330,2330,688,687
20250405,1930,114640,114162
20250405,2130,111065,697
20250405,230,101112,694
20250405,30,114161,111140
20250405,30,113149,691
20250405,30,112885,695
20250405,30,112134,112606
20250405,30,687,111139
20250405,130,696,113018
20250405,30,689,693
20250405,130,698,112996
20250405,330,131439,111144
20250406,2200,111928,688
20250406,2200,112828,111138
20250406,0,112893,111651
20250412,1930,112885,691
20250412,1930,111651,111138
20250412,2130,112606,689
20250412,30,101112,114161
20250412,330,697,698
20250412,30,688,113149
20250412,130,695,111144
20250412,230,694,131439
20250412,30,111139,114640
20250412,30,112828,112134
20250412,330,112996,111928
20250412,130,114162,111065
20250413,1900,696,111140
20250413,2130,693,112893
20250413,0,113018,687
20250419,1830,114161,697
20250419,30,111144,114162
20250419,2130,687,112893
20250419,30,114640,131439
20250419,300,111140,112996
20250419,330,111928,696
20250419,30,691,112828
20250419,30,112134,112885
20250419,130,113018,101112
20250419,130,693,113149
20250419,30,111139,112606
20250419,130,111138,695
20250419,130,698,694
20250419,30,689,688
20250419,330,111065,111651
20250426,1930,113149,696
20250426,1930,111651,112828
20250426,2130,689,111139
20250426,30,131439,111065
20250426,30,114640,691
20250426,0,112606,112885
20250426,130,114162,693
20250426,30,112893,695
20250426,130,698,114161
20250426,230,694,111144
20250426,130,111138,101112
20250426,30,687,111928
20250427,2200,697,111140
20250427,0,112996,113018
20250427,2130,112134,688
20250503,1930,112885,114162
20250503,2130,111651,691
20250503,230,101112,111065
20250503,200,131439,695
20250503,130,114161,111138
20250503,330,112996,698
20250503,30,112893,689
20250503,330,111928,111140
20250503,330,111144,113018
20250503,30,687,114640
20250503,30,688,694
20250503,30,111139,112134
20250503,130,693,112606
20250504,2200,112828,113149
20250504,0,696,697
20250510,1930,693,112885
20250510,2130,111138,112893
20250510,2030,111651,688
20250510,330,111140,696
20250510,30,112828,111139
20250510,30,112134,687
20250510,30,112606,691
20250510,30,113149,114161
20250510,130,113018,131439
20250510,130,114162,114640
20250510,230,694,111928
20250510,130,695,111065
20250510,130,698,111144
20250510,30,689,697
20250511,0,101112,112996
20250514,30,688,112828
20250514,130,698,111138
20250514,30,111139,687
20250514,230,111065,111140
20250514,130,114162,689
20250514,130,114161,112885
20250514,130,113018,696
20250514,330,112996,111144
20250514,30,112606,114640
20250514,30,112134,697
20250514,30,111651,113149
20250514,330,111928,112893
20250514,330,131439,694
20250517,1930,111139,111651
20250517,2130,112828,689
20250517,200,697,112996
20250517,230,111140,111144
20250517,30,114640,693
20250517,0,112893,112606
20250517,0,687,113149
20250517,130,111138,113018
20250517,130,695,698
20250517,230,694,111065
20250517,130,114161,101112
20250517,130,114162,688
20250517,30,691,111928
20250517,30,112885,112134
20250517,330,131439,696
20250524,2000,111144,695
20250524,2130,131439,697
20250524,130,114640,687
20250524,330,111928,698
20250524,30,111651,114162
20250524,30,112134,112893
20250524,30,112606,111140
20250524,230,694,113018
20250524,130,111138,114161
20250524,30,111139,112996
20250524,230,111065,101112
20250524,30,688,689
20250524,130,696,691
20250525,2200,112828,693
20250525,0,112885,113149
20250528,130,111144,131439
20250528,300,697,111928
20250528,30,688,691
20250528,330,101112,111138
20250528,30,689,114640
20250528,330,111140,694
20250528,30,111651,112134
20250528,30,112885,112606
20250528,30,112828,698
20250528,130,114161,111065
20250528,30,112893,111139
20250528,330,112996,696
20250528,30,113149,695
20250528,100,687,114162
20250531,1930,113018,111928
20250531,2130,114162,112828
20250531,130,101112,111140
20250531,330,697,111065
20250531,30,111139,691
20250531,30,689,112885
20250531,130,698,696
20250531,130,695,112134
20250531,30,113149,688
20250531,330,112996,694
20250531,30,112893,687
20250531,30,112606,693
20250531,30,111651,114640
20250531,330,131439,114161
20250601,0,111144,111138
20250607,230,694,114161
20250607,30,688,693
20250608,0,111140,113018
20250608,200,101112,111144
20250612,30,112828,112885
20250613,330,112996,111651
20250613,330,111140,111928
20250614,2130,113018,697
20250614,130,114161,689
20250614,30,112134,114640
20250614,30,691,113149
20250614,30,687,101112
20250614,130,696,695
20250614,230,694,112606
20250614,130,698,111139
20250614,130,111138,131439
20250614,130,693,114162
20250614,230,111065,688
20250625,230,111065,112996
20250625,130,693,112134
20250625,130,111138,698
20250625,30,111139,113149
20250625,230,694,697
20250625,130,695,111928
20250625,130,696,114640
20250625,30,687,112885
20250625,330,101112,131439
20250625,30,691,114162
20250625,30,111651,689
20250625,130,113018,112606
20250629,330,112996,101112
20250629,30,112893,112885
20250629,30,111651,111140
20250629,330,111928,697
20250629,330,111144,114161
20250629,30,691,694
20250629,30,112606,113149
20250629,30,688,114162
20250629,130,696,111065
20250629,130,695,131439
20250629,130,698,113018
20250629,30,689,111138
20250629,30,111139,112828
20250629,130,693,114640
20250630,2300,687,112134
20250703,30,112828,111651
20250704,330,697,101112
20250704,130,695,111138
20250704,230,694,696
20250705,2200,111144,687
20250705,0,114640,112606
20250705,130,114161,112996
20250705,130,114162,112134
20250705,30,113149,693
20250705,330,111140,691
20250705,330,111928,689
20250705,230,111065,113018
20250705,30,111139,112893
20250705,30,688,112885
20250705,330,131439,698
20250709,30,691,112893
20250712,30,114640,112828
20250712,130,114161,691
20250712,30,113149,687
20250712,30,112893,114162
20250712,330,112996,695
20250712,30,111651,112885
20250712,30,112606,111139
20250712,30,112134,689
20250712,130,693,131439
20250712,230,111065,698
20250712,130,111138,111928
20250712,230,694,101112
20250712,330,697,688
20250712,130,696,111144
20250713,0,113018,111140
20250716,30,114640,688
20250716,230,111144,694
20250716,330,111140,111065
20250716,330,111928,695
20250716,30,112134,111139
20250716,30,112606,112828
20250716,30,112885,693
20250716,130,114162,687
20250716,30,113149,112893
20250716,330,697,114161
20250716,30,689,691
20250716,130,698,101112
20250716,130,111138,112996
20250716,330,131439,111651
20250719,230,111144,111928
20250719,330,111140,111138
20250719,30,112885,114640
20250719,30,691,112606
20250719,130,114162,111651
20250719,330,112996,697
20250719,30,111139,693
20250719,230,111065,113149
20250719,130,698,112134
20250719,30,689,112893
20250719,130,695,113018
20250719,130,696,112828
20250719,30,687,688
20250719,330,131439,101112
20250725,330,112996,111140
20250725,30,691,111139
20250725,30,687,112606
20250725,130,695,112828
20250725,130,698,697
20250725,330,131439,114162
20250726,30,114640,111651
20250726,0,112893,113149
20250726,130,113018,111138
20250726,30,112885,111144
20250726,30,112134,694
20250726,230,111065,111928
20250726,130,693,689
20250726,30,688,114161
20250726,330,101112,696
20250809,130,696,131439
20250809,130,693,112996
20250809,30,111139,112885
20250809,130,695,111140
20250809,30,112134,111651
20250809,30,691,688
20250809,330,111928,101112
20250809,130,113018,114162
20250809,30,112828,687
20250809,130,114161,698
20250810,300,697,111144
20250810,100,112606,112893
20250811,2300,111138,694
20250811,2300,689,111065
20250811,2300,113149,114640
20250816,30,114640,111065
20250816,130,114161,695
20250816,30,112893,697
20250816,30,112606,696
20250816,30,691,112996
20250816,30,111651,687
20250816,330,111140,113149
20250816,30,689,112134
20250816,230,694,112885
20250816,130,111138,111144
20250816,30,111139,688
20250816,130,693,113018
20250817,0,111928,131439
20250817,2200,112828,114162
20250817,200,101112,698
20250823,230,101112,113018
20250823,330,697,694
20250823,30,688,112893
20250823,30,687,691
20250823,230,111065,111138
20250823,30,111139,114161
20250823,130,695,112996
20250823,130,698,111928
20250823,30,113149,112828
20250823,130,114162,112606
20250823,30,112134,693
20250823,330,131439,111140
20250824,2200,112885,111651
20250824,200,111144,696
20250824,0,114640,689
20250830,130,114162,112885
20250830,130,114161,111928
20250830,30,113149,112134
20250830,130,113018,698
20250830,30,112828,688
20250830,30,112893,693
20250830,330,111144,111065
20250830,30,111651,111139
20250830,30,691,114640
20250830,30,112606,101112
20250830,30,689,687
20250830,130,111138,111140
20250830,330,697,695
20250830,130,696,694
20250831,100,112996,131439
20250906,230,113018,695
20250907,0,696,114161
20250907,130,693,691
20250913,30,111928,112996
20250913,130,111144,697
20250913,30,114640,112893
20250913,230,101112,112134
20250913,30,688,112606
20250913,130,693,112828
20250913,230,111065,696
20250913,30,111139,113018
20250913,130,695,114161
20250913,230,694,698
20250913,30,113149,114162
20250913,330,111140,689
20250913,30,691,111651
20250913,30,112885,687
20250913,330,131439,111138
20250916,30,112893,111144
20250919,130,112828,114640
20250920,1930,112134,691
20250920,2130,112885,131439
20250920,30,112606,114162
20250920,330,111928,113018
20250920,30,112893,688
20250920,130,114161,111144
20250920,130,695,694
20250920,130,698,111140
20250920,30,111139,689
20250920,130,111138,693
20250920,30,687,111651
20250920,130,696,101112
20250920,330,697,113149
20250921,200,112996,111065
20250924,130,112828,112893
20250927,1930,113149,112606
20250927,2130,111651,112893
20250927,30,114640,111139
20250927,130,114162,698
20250927,130,113018,112996
20250927,330,111140,695
20250927,330,111144,101112
20250927,30,691,112885
20250927,330,697,696
20250927,30,688,112134
20250927,230,111065,114161
20250927,130,693,687
20250927,30,689,112828
20250927,230,694,111138
20250927,330,131439,111928
20251004,1930,688,114640
20251004,2130,695,697
20251004,30,689,113149
20251004,130,698,131439
20251004,130,693,111651
20251004,230,111065,694
20251004,130,111138,696
20251004,30,111139,114162
20251004,130,114161,113018
20251004,30,112893,691
20251004,30,112606,687
20251004,30,112134,112828
20251004,330,111144,111140
20251005,200,101112,111928
20251005,330,112996,112885
20251018,2300,114162,112893
20251018,2300,114640,112134
20251018,2300,112828,111144
20251018,2300,113149,111139
20251018,200,111140,131439
20251018,2300,111651,112606
20251018,200,111928,114161
20251018,2300,691,693
20251018,2300,112885,688
20251018,200,101112,695
20251018,2300,687,689
20251018,200,697,111138
20251018,200,694,112996
20251018,200,696,698
20251018,200,113018,111065
