Date,Local Time,Home Team Id,Away Team Id
20230811,1930,1861,480
20230811,2130,481,461
20230812,1700,457,110062
20230812,2130,472,453
20230812,2130,448,243
20230813,1700,450,479
20230813,1930,483,449
20230813,1930,1968,463
20230813,2130,1860,241
20230813,2130,240,110832
20230818,1930,453,483
20230818,2130,461,472
20230819,1700,457,450
20230819,1930,1861,243
20230819,2130,479,448
20230820,1730,110062,1860
20230820,1930,241,1968
20230820,2130,449,240
20230821,1900,463,481
20230821,2130,110832,480
20230825,1930,448,449
20230825,2130,1968,1861
20230826,1700,450,243
20230826,1930,1860,463
20230826,2130,110832,453
20230827,1830,472,457
20230827,1930,480,240
20230827,2130,481,110062
20230828,1900,461,479
20230828,2130,483,241
20230901,1930,1861,450
20230901,2130,240,481
20230902,1700,1968,483
20230902,1930,463,461
20230902,2130,110062,472
20230903,1730,453,448
20230903,1930,479,241
20230903,2130,449,480
20230904,1900,243,1860
20230904,2130,457,110832
20230915,1930,448,1968
20230915,2130,241,449
20230916,1700,450,453
20230916,1930,1860,479
20230916,2130,110832,110062
20230917,1730,480,463
20230917,1930,243,457
20230917,2130,481,472
20230918,1900,461,240
20230918,2130,483,1861
20230922,1930,1861,461
20230922,2130,240,243
20230923,1700,241,450
20230923,1930,463,448
20230923,2130,110062,453
20230924,1830,472,110832
20230924,1930,479,481
20230924,2130,480,483
20230925,1900,449,1968
20230925,2130,457,1860
20230926,1930,1968,480
20230926,1930,448,1860
20230926,2130,453,241
20230926,2130,110832,449
20230926,2130,450,463
20230927,1930,479,240
20230927,1930,243,472
20230927,2130,481,1861
20230927,2130,461,457
20230927,2130,483,110062
20230929,1930,1861,110832
20230929,2130,240,1968
20230930,1700,241,481
20230930,1930,463,479
20230930,2130,1860,483
20231001,1730,110062,243
20231001,2030,472,450
20231001,2130,480,453
20231002,1900,449,461
20231002,2130,457,448
20231006,1930,448,1861
20231006,2130,240,457
20231007,1700,1968,110062
20231007,1930,450,1860
20231007,2130,463,449
20231008,1730,110832,241
20231008,1930,453,461
20231008,2130,243,479
20231009,1900,481,480
20231009,2130,483,472
20231020,1930,241,448
20231020,2130,450,240
20231021,1700,1860,449
20231021,1930,110062,1861
20231021,2230,472,480
20231022,1730,479,110832
20231022,1930,457,453
20231022,2130,481,243
20231023,1900,461,1968
20231023,2130,483,463
20231027,1930,1861,472
20231027,2130,448,461
20231028,1700,240,463
20231028,1930,241,243
20231028,2130,1968,481
20231029,1730,110062,450
20231029,1930,110832,483
20231029,2130,453,1860
20231030,1900,480,457
20231030,2130,449,479
20231103,1930,450,481
20231103,2130,463,1861
20231104,1700,1860,1968
20231104,2030,472,240
20231104,2130,479,110062
20231105,1730,449,453
20231105,1930,243,480
20231105,2130,457,241
20231106,1900,461,110832
20231106,2130,483,448
20231110,1930,1861,457
20231110,2130,448,450
20231111,1700,240,483
20231111,1930,241,463
20231111,2130,110832,1860
20231112,1730,453,1968
20231112,1930,479,472
20231112,2130,480,110062
20231113,1900,243,461
20231113,2130,481,449
20231124,1930,240,453
20231124,2130,1968,243
20231125,1700,463,110832
20231125,1930,1860,1861
20231125,2130,110062,448
20231126,1730,480,241
20231126,1930,449,472
20231126,2130,457,481
20231127,1900,461,450
20231127,2130,483,479
20231201,1930,453,463
20231201,2130,448,480
20231202,1700,241,240
20231202,1930,450,1968
20231202,2130,110062,461
20231203,1830,472,1860
20231203,1930,1861,449
20231203,2130,479,457
20231204,1900,243,110832
20231204,2130,481,483
20231208,1930,240,1861
20231208,2130,241,110062
20231209,1700,1968,479
20231209,1930,463,472
20231209,2130,1860,461
20231210,1730,110832,448
20231210,1930,453,481
20231210,2130,480,450
20231211,1900,449,243
20231211,2130,483,457
20231215,1930,1861,453
20231215,2130,448,240
20231216,1700,450,110832
20231216,1930,110062,463
20231216,2230,472,1968
20231217,1730,479,480
20231217,1930,243,483
20231217,2130,457,449
20231218,1900,481,1860
20231218,2130,461,241
20231219,1930,241,1861
20231219,1930,448,472
20231219,1930,240,1860
20231219,2130,463,243
20231219,2130,1968,457
20231220,1930,480,461
20231220,1930,453,479
20231220,1930,110832,481
20231220,2130,483,450
20231220,2130,449,110062
20240102,1930,1860,480
20240102,1930,450,449
20240102,1930,110062,240
20240102,2130,110832,1968
20240102,2230,472,241
20240103,1930,243,453
20240103,1930,479,1861
20240103,1930,457,463
20240103,2130,481,448
20240103,2130,461,483
20240112,1930,1861,110062
20240112,2130,448,457
20240113,1700,240,480
20240113,1930,241,479
20240113,2130,1968,461
20240114,1730,1860,243
20240114,2030,472,483
20240114,2130,453,450
20240115,1900,449,110832
20240115,2130,481,463
20240119,1930,450,457
20240119,2130,463,1968
20240120,1700,110062,481
20240120,1930,110832,240
20240120,2130,479,1860
20240121,1730,480,472
20240121,1930,449,241
20240121,2130,243,1861
20240122,1900,461,448
20240122,2130,483,453
20240126,1930,1861,463
20240126,2130,240,461
20240127,1700,241,483
20240127,1930,1968,448
20240127,2130,450,110062
20240128,1730,1860,110832
20240128,2030,472,243
20240128,2130,453,449
20240129,1900,457,480
20240129,2130,481,479
20240202,1930,448,453
20240202,2130,463,241
20240203,1700,110062,457
20240203,1930,110832,472
20240203,2130,479,450
20240204,1730,480,481
20240204,1930,449,1860
20240204,2130,243,240
20240205,1900,461,1861
20240205,2130,483,1968
20240209,1930,1861,448
20240209,2130,241,110832
20240210,1700,1968,449
20240210,1930,463,483
20240210,2130,1860,450
20240211,1830,472,461
20240211,1930,453,480
20240211,2130,243,110062
20240212,1900,457,479
20240212,2130,481,240
20240216,1930,448,110062
20240216,2130,240,472
20240217,1700,450,241
20240217,1930,110832,1861
20240217,2130,453,457
20240218,1730,479,1968
20240218,1930,480,243
20240218,2130,449,463
20240219,1900,461,481
20240219,2130,483,1860
20240223,1930,1861,240
20240223,2130,241,1860
20240224,1700,1968,450
20240224,1930,463,453
20240224,2130,110062,480
20240225,1730,110832,461
20240225,2030,472,479
20240225,2130,449,448
20240226,1900,243,481
20240226,2130,457,483
20240301,1930,448,241
20240301,2130,240,449
20240302,1700,450,1861
20240302,1930,1860,472
20240302,2130,453,110062
20240303,1730,479,463
20240303,1930,480,1968
20240303,2130,481,457
20240304,1900,461,243
20240304,2130,483,110832
20240308,1930,1861,481
20240308,2130,241,453
20240309,1700,1968,240
20240309,1930,463,480
20240309,2130,110062,479
20240310,1730,110832,457
20240310,2030,472,448
20240310,2130,449,483
20240311,1900,243,450
20240311,2130,461,1860
20240315,1930,448,463
20240315,2130,240,241
20240316,1700,1860,110062
20240316,2030,472,1861
20240316,2130,453,110832
20240317,1730,479,243
20240317,1930,480,449
20240317,2130,457,1968
20240318,1900,481,450
20240318,2130,483,461
20240329,1930,1861,479
20240329,2130,241,472
20240330,1700,1968,110832
20240330,1930,450,480
20240330,2130,463,457
20240331,1730,1860,481
20240331,1930,110062,449
20240331,2130,243,448
20240401,1900,461,453
20240401,2130,483,240
20240412,1930,448,483
20240412,2130,240,110062
20240413,1700,1968,241
20240413,1930,110832,463
20240413,2230,472,481
20240414,1730,453,243
20240414,1930,479,461
20240414,2130,480,1860
20240415,1900,449,450
20240415,2130,457,1861
20240419,1930,1861,483
20240419,2130,448,110832
20240420,1700,450,472
20240420,1930,463,240
20240420,2130,1860,457
20240421,1730,110062,1968
20240421,1930,480,479
20240421,2130,243,241
20240422,1900,481,453
20240422,2130,461,449
20240426,1930,1861,1860
20240426,2130,240,448
20240427,1700,241,461
20240427,1930,1968,453
20240427,2130,463,450
20240428,1730,110832,479
20240428,2030,472,110062
20240428,2130,449,481
20240429,1900,457,243
20240429,2130,483,480
20240503,1930,450,483
20240503,2130,1860,448
20240504,1700,110062,241
20240504,1930,453,240
20240504,2130,479,449
20240505,1730,480,1861
20240505,1930,243,1968
20240505,2130,457,472
20240506,1900,481,110832
20240506,2130,461,463
20240510,1930,448,479
20240510,2130,240,450
20240511,1700,241,457
20240511,1930,1968,1860
20240511,2130,463,110062
20240512,1730,110832,243
20240512,1930,453,472
20240512,2130,449,1861
20240513,1900,461,480
20240513,2130,483,481
20240514,1930,450,448
20240514,1930,1861,241
20240514,1930,1860,240
20240514,2230,472,449
20240514,2130,110062,483
20240515,1930,480,110832
20240515,1930,243,463
20240515,1930,479,453
20240515,2130,481,1968
20240515,2130,457,461
20240517,1930,448,481
20240517,2130,240,479
20240518,1700,241,480
20240518,1930,1968,472
20240518,2130,463,1860
20240519,1730,110832,450
20240519,1930,453,1861
20240519,2130,449,457
20240520,1900,461,110062
20240520,2130,483,243
20240526,1930,450,461
20240526,1930,110062,110832
20240526,1930,480,448
20240526,1930,457,240
20240526,1930,481,241
20240526,1930,243,449
20240526,1930,479,483
20240526,1930,1861,1968
20240526,2030,472,463
20240526,1930,1860,453
