Date,Local Time,Home Team Id,Away Team Id
20250816,1700,463,1853
20250816,1930,453,241
20250816,2130,461,457
20250817,1930,448,481
20250817,1700,450,1860
20250817,2130,452,240
20250817,2100,110062,480
20250817,2100,483,110827
20250818,2100,468,449
20250819,2100,243,479
20250822,2130,449,463
20250823,1930,240,468
20250823,2130,1853,241
20250823,1700,453,450
20250824,1700,479,461
20250824,2130,110827,243
20250824,1930,457,452
20250824,1930,483,110062
20250825,1930,448,480
20250825,2130,481,1860
20250829,1930,468,1853
20250829,2130,461,1860
20250830,1700,463,240
20250830,1930,110062,481
20250830,2130,243,453
20250830,1900,110827,457
20250831,1700,450,483
20250831,1930,452,479
20250831,2130,480,241
20250831,1900,449,448
20250912,2100,448,463
20250913,2100,240,483
20250913,1615,479,480
20250913,1830,241,461
20250913,1400,1860,110827
20250914,1400,1853,449
20250914,1830,450,110062
20250914,1615,452,453
20250914,2100,457,243
20250915,2100,481,468
20250919,2100,110062,1853
20250920,1615,449,457
20250920,2100,241,1860
20250920,1400,463,481
20250920,1400,480,450
20250920,1830,461,448
20250921,1615,483,479
20250921,1830,453,240
20250921,1400,468,110827
20250921,2100,243,452
20250923,1900,448,110062
20250923,2100,450,449
20250923,1900,1860,463
20250924,2100,240,480
20250924,1900,1853,243
20250924,2100,110827,241
20250924,1900,457,453
20250925,1900,479,468
20250925,1900,452,461
20250925,2100,481,483
20250927,1400,1860,1853
20250927,2100,241,457
20250927,1830,240,243
20250927,1400,453,463
20250928,1615,110062,452
20250928,2100,468,450
20250928,1615,480,481
20250928,1400,449,479
20250928,1830,461,110827
20250929,2100,483,448
20251003,2100,448,453
20251004,2100,481,241
20251004,1400,463,468
20251004,1830,110062,461
20251004,1830,450,240
20251005,1830,452,449
20251005,2100,243,483
20251005,1615,110827,1853
20251005,1400,457,480
20251006,2100,479,1860
20251017,2100,483,449
20251018,1830,463,461
20251018,1400,468,448
20251018,2100,241,110062
20251018,2100,1860,243
20251019,1615,1853,480
20251019,1830,450,457
20251019,1400,110827,452
20251019,1830,481,453
20251020,2100,240,479
20251024,2100,461,483
20251025,1830,479,450
20251025,1615,110062,110827
20251025,1400,480,463
20251025,2100,449,240
20251026,1400,452,468
20251026,1830,453,1853
20251026,2100,243,241
20251026,1615,457,481
20251027,2100,448,1860
20251031,2100,1860,110062
20251101,1615,483,480
20251101,1830,241,468
20251101,2100,240,481
20251101,1400,1853,450
20251102,1400,449,453
20251102,1615,243,461
20251102,2100,457,448
20251102,1830,110827,479
20251103,2100,463,452
20251107,2100,448,110827
20251108,2100,240,1853
20251108,1400,468,457
20251108,1615,110062,463
20251108,1830,480,243
20251109,2100,450,241
20251109,1400,452,483
20251109,1615,453,1860
20251109,1830,481,479
20251110,2100,461,449
20251121,2100,479,457
20251122,1830,463,450
20251122,1400,468,243
20251122,2100,241,448
20251122,1830,1860,240
20251123,1830,461,1853
20251123,2100,449,110062
20251123,1615,110827,480
20251123,1400,483,453
20251124,2100,452,481
20251128,2100,480,461
20251129,2100,241,463
20251129,1400,1860,468
20251129,1830,110062,243
20251129,1615,1853,448
20251130,1830,481,449
20251130,1400,450,452
20251130,1615,453,479
20251130,2100,457,483
20251201,2100,240,110827
20251205,2100,483,1860
20251206,1400,448,240
20251206,2100,463,457
20251206,1615,468,110062
20251206,1830,452,480
20251207,1830,449,241
20251207,2100,243,450
20251207,1830,110827,453
20251207,1615,461,481
20251208,2100,479,1853
20251212,2100,240,461
20251213,2100,463,243
20251213,1830,241,479
20251213,1400,1860,452
20251213,1615,1853,483
20251214,1615,480,449
20251214,2100,450,448
20251214,1830,453,468
20251214,1400,481,110827
20251215,2100,457,110062
20251219,2100,468,480
20251220,2100,448,452
20251220,1615,479,463
20251220,1400,110062,240
20251220,1830,1853,457
20251221,1400,449,1860
20251221,2100,243,481
20251221,1830,110827,450
20251221,1830,483,241
20251222,2100,461,453
20260102,2100,480,1860
20260103,2100,479,448
20260103,1830,463,110827
20260103,1400,468,483
20260103,1615,450,461
20260104,2100,452,241
20260104,1615,453,110062
20260104,1830,243,449
20260104,1400,481,1853
20260105,2100,457,240
20260109,2100,110062,479
20260110,1830,448,243
20260110,1400,1860,457
20260110,2100,241,240
20260110,1615,1853,452
20260111,1400,480,453
20260111,1830,110827,449
20260111,2100,481,450
20260111,1615,483,463
20260112,2100,461,468
20260116,2100,479,110827
20260117,1400,240,463
20260117,1615,468,481
20260117,2100,1860,461
20260117,1830,450,480
20260118,1830,452,110062
20260118,1400,453,448
20260118,1615,449,483
20260118,2100,457,241
20260119,2100,243,1853
20260123,2100,461,452
20260124,2100,240,453
20260124,1400,463,449
20260124,1615,110062,1860
20260124,1830,1853,468
20260125,1400,480,479
20260125,2100,457,450
20260125,1615,481,448
20260125,1830,483,243
20260126,2100,241,110827
20260130,2100,449,461
20260131,2100,448,457
20260131,1400,479,483
20260131,1615,1853,240
20260131,1830,453,481
20260201,1830,468,241
20260201,1400,1860,450
20260201,1615,452,463
20260201,2100,243,480
20260202,2100,110827,110062
20260206,2100,481,110062
20260207,2100,448,1853
20260207,1400,240,449
20260207,1830,480,110827
20260207,1615,450,479
20260208,1615,463,1860
20260208,1830,461,243
20260208,1400,483,452
20260208,2100,241,453
20260209,1615,457,468
20260213,2100,468,479
20260214,2100,110062,241
20260214,1615,1853,461
20260214,1400,480,240
20260214,1830,452,450
20260215,1400,1860,483
20260215,2100,243,457
20260215,1615,110827,448
20260215,1830,481,463
20260216,2100,453,449
20260220,2100,479,243
20260221,2100,448,468
20260221,1400,240,452
20260221,2100,241,1853
20260221,1830,450,453
20260222,1615,463,110062
20260222,1830,1860,481
20260222,1400,457,110827
20260222,2100,483,461
20260223,2100,449,480
20260227,2100,110062,450
20260228,2100,241,483
20260228,1400,480,448
20260228,1615,453,457
20260228,1830,449,481
20260301,1830,1853,463
20260301,2100,243,1860
20260301,1400,110827,240
20260301,1615,461,479
20260302,2100,468,452
20260306,2100,1860,449
20260307,2100,448,241
20260307,1615,479,453
20260307,1830,452,110827
20260307,1400,481,480
20260308,2100,240,457
20260308,1830,1853,110062
20260308,1615,461,463
20260308,1400,483,468
20260309,2100,450,243
20260313,2100,480,1853
20260314,2100,463,483
20260314,1830,241,481
20260314,1615,449,450
20260314,1830,110827,461
20260315,2100,240,1860
20260315,1400,110062,448
20260315,1830,243,468
20260315,1615,457,479
20260316,2100,453,452
20260320,2100,1853,110827
20260321,2100,448,449
20260321,1615,479,110062
20260321,1830,468,453
20260321,1400,483,457
20260322,1615,241,480
20260322,1400,450,463
20260322,2100,243,240
20260322,1830,481,461
20260323,2100,452,1860
20260403,2100,453,243
20260404,1400,449,452
20260404,2100,110827,481
20260404,1830,457,1853
20260404,1615,461,450
20260405,2100,240,241
20260405,1615,463,479
20260405,1400,1860,448
20260405,1830,480,468
20260406,2100,110062,483
20260410,2100,241,452
20260411,2100,448,483
20260411,1830,479,449
20260411,1400,450,110827
20260411,1615,453,480
20260412,1615,468,461
20260412,1830,1853,1860
20260412,1400,457,463
20260412,2100,481,240
20260413,2100,243,110062
20260417,2100,463,453
20260418,1830,479,481
20260418,1400,480,457
20260418,2100,449,243
20260418,1615,110827,468
20260419,2100,240,448
20260419,1830,1860,241
20260419,1830,461,110062
20260419,1615,483,450
20260420,2100,452,1853
20260424,2100,457,1860
20260425,1615,1853,481
20260425,2100,480,452
20260425,1830,453,461
20260425,1400,110827,483
20260426,1615,448,479
20260426,1400,468,240
20260426,1830,110062,449
20260426,2100,243,463
20260427,2100,241,450
20260501,2100,110062,453
20260502,2100,452,243
20260502,1830,449,110827
20260502,1615,481,457
20260502,1400,483,1853
20260503,2100,479,241
20260503,1400,463,448
20260503,1830,450,468
20260503,1615,461,240
20260504,2100,1860,480
20260508,2100,468,463
20260509,1400,480,110062
20260509,2100,453,483
20260509,1615,457,449
20260509,1830,481,452
20260510,2100,241,243
20260510,1830,448,461
20260510,1400,1853,479
20260510,1615,110827,1860
20260511,2100,240,450
20260512,2100,483,481
20260512,1900,449,468
20260512,1900,110062,457
20260513,2100,461,480
20260513,1900,1860,453
20260513,1900,243,110827
20260513,2100,463,241
20260514,2100,452,448
20260514,1900,450,1853
20260514,2100,479,240
20260517,2100,448,450
20260517,2100,241,449
20260517,1400,480,483
20260517,1830,457,461
20260517,1615,481,243
20260517,2100,240,110062
20260517,1830,479,452
20260517,1615,468,1860
20260517,1400,1853,453
20260517,2100,110827,463
20260524,1900,450,481
20260524,1900,452,457
20260524,1900,453,110827
20260524,1900,449,1853
20260524,1900,243,448
20260524,1900,1860,479
20260524,1900,110062,468
20260524,1900,461,241
20260524,1900,483,240
20260524,1900,463,480
