Date,Local Time,Home Team Id,Away Team Id
20230811,1700,113356,1853
20230811,1930,462,459
20230812,1500,456,467
20230812,1700,244,110902
20230812,2000,468,110242
20230813,1500,10846,110839
20230813,1730,100851,131110
20230813,1730,1854,452
20230813,2000,100888,114554
20230814,1700,110069,100831
20230814,2030,260,110827
20230818,1700,110902,131110
20230818,1700,114554,100851
20230818,1930,110839,260
20230818,1930,244,462
20230819,1500,467,468
20230819,1730,452,456
20230819,1730,1853,10846
20230819,2000,100831,100888
20230820,1500,110827,110242
20230820,1730,459,110069
20230820,2000,1854,113356
20230825,1930,10846,110827
20230825,2130,131110,467
20230826,1500,468,110902
20230826,1730,100851,1853
20230826,1730,100888,1854
20230826,2000,110069,452
20230827,1500,110242,459
20230827,1730,456,110839
20230827,2000,462,100831
20230828,1930,113356,114554
20230828,2230,260,244
20230901,1930,100831,110242
20230901,2130,1854,462
20230902,1500,467,100888
20230902,1730,452,113356
20230902,1730,468,456
20230902,2000,114554,260
20230903,1500,110839,110069
20230903,1730,1853,110827
20230903,2000,244,131110
20230904,1930,459,10846
20230904,2130,110902,100851
20230908,1930,10846,467
20230908,2130,131110,100831
20230909,1500,100851,244
20230909,1730,1853,452
20230909,1730,100888,110839
20230909,2000,110069,114554
20230910,1500,110242,110902
20230910,1730,456,113356
20230910,2000,110827,459
20230911,1930,462,468
20230911,2230,260,1854
20230915,1930,100831,1853
20230915,2130,1854,10846
20230916,1500,467,110242
20230916,1730,452,131110
20230916,1730,468,100888
20230916,2000,114554,110827
20230917,1500,110839,110902
20230917,1730,462,100851
20230917,2000,244,456
20230918,1930,113356,110069
20230918,2130,459,260
20230922,1930,100831,110839
20230922,2130,10846,468
20230923,1500,114554,459
20230923,1730,100851,467
20230923,1730,1853,131110
20230923,2000,110069,100888
20230924,1500,110242,244
20230924,1730,456,1854
20230924,2000,110827,462
20230925,2030,260,452
20230925,2130,110902,113356
20230929,1930,1854,114554
20230929,2130,131110,110827
20230930,1500,467,260
20230930,1730,452,110242
20230930,1730,468,1853
20230930,2000,110839,459
20231001,1500,100888,456
20231001,1730,462,10846
20231001,2000,244,110069
20231002,1930,113356,100851
20231002,2130,110902,100831
20231003,1930,131110,462
20231003,1930,100831,1854
20231003,1930,10846,100888
20231003,2130,100851,452
20231003,2130,114554,244
20231004,1930,1853,110902
20231004,1930,110242,113356
20231004,1930,110069,467
20231004,2230,260,456
20231004,2130,459,468
20231004,2130,110827,110839
20231006,1930,1854,1853
20231006,2130,468,114554
20231007,1500,110839,131110
20231007,1730,110242,100851
20231007,1730,100888,110827
20231007,2000,456,459
20231008,1500,462,110069
20231008,1730,244,100831
20231008,2000,113356,467
20231009,2030,260,10846
20231009,2130,110902,452
20231013,1930,10846,110902
20231013,2130,131110,468
20231014,1500,467,110839
20231014,1730,452,462
20231014,1730,114554,100831
20231014,2000,100851,456
20231015,1500,100888,113356
20231015,1730,1853,110242
20231015,2000,110069,260
20231016,1930,110827,1854
20231016,2130,459,244
20231020,1930,100831,100851
20231020,2130,1854,459
20231021,1500,452,100888
20231021,1730,110242,131110
20231021,1730,110839,468
20231021,2000,456,10846
20231022,1500,462,114554
20231022,1730,244,467
20231022,2000,113356,110827
20231023,2030,260,1853
20231023,2130,110902,110069
20231027,1930,10846,244
20231027,2130,131110,113356
20231028,1500,467,462
20231028,1730,468,260
20231028,1730,114554,1853
20231028,2000,110839,1854
20231029,1500,100888,110902
20231029,1730,110069,100851
20231029,2000,456,110242
20231030,1930,110827,100831
20231030,2130,459,452
20231103,1930,100831,456
20231103,2130,1854,468
20231104,1500,131110,10846
20231104,1730,100851,100888
20231104,1730,452,467
20231104,2000,1853,110069
20231105,1500,110242,114554
20231105,1730,462,260
20231105,2000,244,110827
20231106,1930,113356,110839
20231106,2130,110902,459
20231110,1930,10846,100831
20231110,2130,467,1854
20231111,1500,468,244
20231111,1730,110839,452
20231111,1730,114554,131110
20231111,2000,100888,1853
20231112,1500,110069,110242
20231112,1730,456,462
20231112,2000,110827,100851
20231113,1930,459,113356
20231113,2230,260,110902
20231117,1930,100831,459
20231117,2130,131110,110069
20231118,1500,452,468
20231118,1730,100851,1854
20231118,1730,1853,456
20231118,2000,110242,10846
20231119,1500,110827,467
20231119,1730,462,100888
20231119,2000,244,110839
20231120,1930,113356,260
20231120,2130,110902,114554
20231124,1930,1854,244
20231124,2130,10846,114554
20231125,1500,467,1853
20231125,1730,452,100831
20231125,1730,468,113356
20231125,2000,110839,462
20231126,1500,100888,110242
20231126,1730,110069,110827
20231126,2000,456,110902
20231127,1930,459,131110
20231127,2230,260,100851
20231201,1930,100831,468
20231201,2130,131110,260
20231202,1500,114554,110839
20231202,1730,100851,459
20231202,1730,1853,462
20231202,2000,110069,456
20231203,1500,110242,1854
20231203,1730,110827,452
20231203,2000,244,100888
20231204,1930,113356,10846
20231204,2130,110902,467
20231208,1930,1854,110902
20231208,2130,10846,110069
20231209,1500,467,114554
20231209,1730,452,244
20231209,1730,468,100851
20231209,2000,110839,110242
20231210,1500,100888,131110
20231210,1730,456,110827
20231210,2000,462,113356
20231211,1930,459,1853
20231211,2230,260,100831
20231215,1930,100831,467
20231215,2130,131110,456
20231216,1500,114554,452
20231216,1730,100851,10846
20231216,1730,1853,110839
20231216,2000,110069,1854
20231217,1500,110242,260
20231217,1730,110827,468
20231217,2000,113356,244
20231218,1930,459,100888
20231218,2130,110902,462
20231219,1930,467,459
20231219,1930,1854,131110
20231219,2130,452,10846
20231219,2130,468,110069
20231219,2130,110839,100851
20231220,1930,456,114554
20231220,1930,100888,260
20231220,2130,462,110242
20231220,2130,244,1853
20231220,2130,110902,110827
20231220,2130,113356,100831
20240112,1930,100831,110069
20240112,2130,10846,462
20240113,1500,131110,244
20240113,1730,114554,100888
20240113,1730,467,456
20240113,2000,100851,110902
20240114,1500,1853,1854
20240114,1730,110242,452
20240114,2000,110827,113356
20240115,1930,459,110839
20240115,2230,260,468
20240119,1930,1854,100831
20240119,2130,468,462
20240120,1500,452,110902
20240120,1730,100888,10846
20240120,1730,110839,467
20240120,2000,110069,1853
20240121,1500,110242,110827
20240121,1730,456,100851
20240121,2000,244,114554
20240122,1930,113356,131110
20240122,2230,260,459
20240126,1930,100831,244
20240126,2130,10846,1854
20240127,1500,131110,452
20240127,1730,114554,468
20240127,1730,467,110069
20240127,2000,100851,113356
20240128,1500,1853,260
20240128,1730,110827,100888
20240128,2000,462,456
20240129,1930,459,110242
20240129,2130,110902,110839
20240202,1930,1854,100851
20240202,2130,468,10846
20240203,1500,452,1853
20240203,1730,100888,462
20240203,1730,110839,100831
20240203,2000,110069,110902
20240204,1500,110242,467
20240204,1730,110827,131110
20240204,2000,244,459
20240205,1930,113356,456
20240205,2230,260,114554
20240209,1930,100831,114554
20240209,2130,10846,110242
20240210,1500,131110,110839
20240210,1730,100851,110069
20240210,1730,467,244
20240210,2000,1853,100888
20240211,1500,456,452
20240211,1730,462,1854
20240211,2000,113356,468
20240212,1930,459,110827
20240212,2130,110902,260
20240216,1930,1854,456
20240216,2130,468,467
20240217,1500,452,110069
20240217,1730,110839,113356
20240217,1730,114554,110902
20240217,2000,100888,100831
20240218,1500,110242,1853
20240218,1730,110827,10846
20240218,2000,244,100851
20240219,1930,459,462
20240219,2230,260,131110
20240223,1930,100831,260
20240223,2130,10846,459
20240224,1500,131110,110242
20240224,1730,100851,468
20240224,1730,467,452
20240224,2000,1853,114554
20240225,1500,110069,110839
20240225,1730,456,100888
20240225,2000,462,110827
20240226,1930,113356,1854
20240226,2130,110902,244
20240301,1930,10846,100851
20240301,2130,131110,110902
20240302,1500,468,100831
20240302,1730,452,110839
20240302,1730,114554,462
20240302,2000,100888,467
20240303,1500,110242,456
20240303,1730,110827,1853
20240303,2000,244,113356
20240304,1930,459,1854
20240304,2230,260,110069
20240308,1930,100831,452
20240308,2130,1854,110827
20240309,1500,467,10846
20240309,1730,100851,110242
20240309,1730,110839,114554
20240309,2000,1853,459
20240310,1500,110069,131110
20240310,1730,456,260
20240310,2000,462,244
20240311,1930,113356,100888
20240311,2130,110902,468
20240315,1930,10846,1853
20240315,2130,131110,100851
20240316,1500,467,110902
20240316,1730,468,1854
20240316,1730,114554,113356
20240316,2000,100888,110069
20240317,1500,110242,462
20240317,1730,110827,456
20240317,2000,244,452
20240318,1930,459,100831
20240318,2230,260,110839
20240322,1930,100831,110827
20240322,2130,1854,110242
20240323,1500,452,260
20240323,1730,100851,114554
20240323,1730,110839,10846
20240323,2000,1853,468
20240324,1500,110069,244
20240324,1730,456,131110
20240324,2000,462,467
20240325,1930,113356,459
20240325,2130,110902,100888
20240329,1930,100831,113356
20240329,2130,1854,110839
20240330,1500,10846,452
20240330,1730,467,131110
20240330,1730,114554,110069
20240330,2000,100888,100851
20240331,1500,110242,468
20240331,1730,110827,110902
20240331,2000,462,1853
20240401,1930,244,260
20240401,2130,459,456
20240405,1930,131110,114554
20240405,2130,468,110827
20240406,1500,452,1854
20240406,1730,100851,462
20240406,1730,110839,100888
20240406,2000,1853,244
20240407,1500,110069,459
20240407,1730,456,100831
20240407,2000,113356,110242
20240408,2030,260,467
20240408,2130,110902,10846
20240412,1930,100831,110902
20240412,2130,1854,260
20240413,1500,10846,456
20240413,1730,100888,452
20240413,1730,114554,467
20240413,2000,110242,110839
20240414,1500,110827,110069
20240414,1730,462,131110
20240414,2000,244,468
20240415,1930,459,100851
20240415,2130,1853,113356
20240419,1930,131110,1854
20240419,2130,467,100831
20240420,1500,468,459
20240420,1730,452,114554
20240420,1730,100851,110827
20240420,2000,110839,244
20240421,1500,110069,10846
20240421,1730,456,1853
20240421,2000,113356,462
20240422,2030,260,100888
20240422,2130,110902,110242
20240426,1930,100831,131110
20240426,2130,1854,467
20240427,1500,10846,113356
20240427,1730,468,452
20240427,1730,114554,456
20240427,2000,100888,244
20240428,1500,1853,100851
20240428,1730,110242,110069
20240428,2000,110827,260
20240429,1930,462,110839
20240429,2130,459,110902
20240503,1930,131110,100888
20240503,2130,467,113356
20240504,1500,452,459
20240504,1730,100851,100831
20240504,1730,114554,1854
20240504,2000,110839,110827
20240505,1500,110069,462
20240505,1730,456,468
20240505,2000,244,10846
20240506,2030,260,110242
20240506,2130,110902,1853
20240510,1930,1854,100888
20240510,2130,10846,131110
20240511,1500,468,110839
20240511,1730,100851,260
20240511,1730,1853,467
20240511,2000,110242,100831
20240512,1500,456,110069
20240512,1730,110827,244
20240512,2000,462,452
20240513,1930,113356,110902
20240513,2130,459,114554
20240517,1930,100831,462
20240517,2130,131110,1853
20240518,1500,467,100851
20240518,1730,452,110827
20240518,1730,114554,10846
20240518,2000,110839,456
20240519,1500,100888,459
20240519,1730,110069,468
20240519,2000,244,110242
20240520,2030,260,113356
20240520,2130,110902,1854
20240524,1930,1854,110069
20240524,2130,10846,260
20240525,1500,468,131110
20240525,1730,100851,110839
20240525,1730,1853,100831
20240525,2000,110242,100888
20240526,1500,456,244
20240526,1730,110827,114554
20240526,2000,462,110902
20240527,1930,113356,452
20240527,2130,459,467
20240602,2100,452,100851
20240602,2100,467,110827
20240602,2100,100831,10846
20240602,2100,244,1854
20240602,2100,100888,468
20240602,2200,260,462
20240602,2100,110069,113356
20240602,2100,110902,456
20240602,2100,110839,1853
20240602,2100,114554,110242
20240602,2100,131110,459
