Date,Local Time,Home Team Id,Away Team Id
20250815,1930,10846,15012
20250815,2130,462,1894
20250816,1700,456,100852
20250816,1930,573,467
20250816,2130,110832,242
20250817,1700,110711,244
20250817,1930,1968,110069
20250817,1930,110839,100888
20250817,1930,472,114554
20250818,1900,459,1867
20250818,2130,1861,1854
20250822,1930,467,110832
20250822,2130,100852,462
20250822,2130,100888,1968
20250823,1700,110069,110839
20250823,1900,1894,459
20250823,2130,244,114554
20250824,1700,242,10846
20250824,1930,15012,1861
20250824,2130,573,110711
20250825,1930,1854,456
20250825,2130,1867,472
20250829,1930,110711,1861
20250829,2130,459,15012
20250830,1700,456,1894
20250830,1900,462,1867
20250830,2130,100852,244
20250831,1700,1968,1854
20250831,1700,114554,10846
20250831,1730,472,573
20250831,2130,110832,110069
20250901,1930,110839,467
20250901,2130,100888,242
20250905,2030,1894,110839
20250906,1400,1854,110069
20250906,1615,10846,472
20250906,1830,1867,100852
20250906,2100,15012,100888
20250907,1400,573,110832
20250907,1615,242,459
20250907,1830,110711,1968
20250907,1830,244,462
20250907,2100,467,114554
20250908,2030,1861,456
20250912,2030,1968,467
20250913,1400,100852,1894
20250913,1615,110069,242
20250913,1830,114554,1867
20250913,2100,110832,100888
20250914,1400,456,15012
20250914,1615,459,10846
20250914,1830,462,1861
20250914,1830,244,1854
20250914,2100,110839,573
20250915,1930,472,110711
20250919,2030,1894,244
20250920,1400,1854,462
20250920,1615,10846,110832
20250920,1830,100888,472
20250920,2100,1867,456
20250921,1400,15012,100852
20250921,1615,114554,110069
20250921,1830,573,1968
20250921,1830,242,110839
20250921,2100,467,110711
20250922,2030,1861,459
20250926,2030,10846,573
20250927,1400,1968,1894
20250927,1615,100888,100852
20250927,1830,110069,244
20250927,2100,456,114554
20250928,1400,110711,1867
20250928,1615,459,1854
20250928,1830,462,15012
20250928,1830,467,242
20250928,2100,110839,110832
20250929,1930,472,1861
20251003,2030,1894,467
20251004,1400,100852,459
20251004,1615,15012,1854
20251004,1830,114554,100888
20251004,2100,110832,110711
20251005,1400,456,573
20251005,1615,242,1861
20251005,1830,462,110069
20251005,1830,244,1867
20251005,2000,472,1968
20251006,2030,110839,10846
20251010,2030,1854,1894
20251011,1400,10846,462
20251011,1615,1968,110839
20251011,1830,110069,100888
20251011,2100,1867,15012
20251012,1400,110832,472
20251012,1615,573,242
20251012,1830,110711,114554
20251012,1830,459,456
20251012,2100,1861,244
20251013,2030,467,100852
20251017,2030,1968,10846
20251018,1400,1894,110069
20251018,1615,100852,1854
20251018,1830,100888,573
20251018,2100,1867,1861
20251019,1400,114554,110832
20251019,1615,456,242
20251019,1830,110711,110839
20251019,1830,462,459
20251019,2000,472,467
20251020,2030,244,15012
20251024,2030,1861,100852
20251025,1400,10846,110711
20251025,1615,110069,456
20251025,1830,15012,1894
20251025,2100,110832,1968
20251026,1400,573,114554
20251026,1615,242,462
20251026,1830,459,244
20251026,1830,467,100888
20251026,2100,110839,472
20251027,2030,1854,1867
20251031,2030,1854,110839
20251101,1400,100852,573
20251101,1615,100888,10846
20251101,1830,1867,1894
20251101,2100,15012,110069
20251102,1400,114554,1968
20251102,1615,456,110711
20251102,1830,459,472
20251102,1830,462,110832
20251102,2100,1861,467
20251103,2030,244,242
20251107,2030,10846,100852
20251108,1400,1894,1861
20251108,1615,1968,462
20251108,1830,110069,459
20251108,2100,110832,244
20251109,1400,573,1867
20251109,1615,242,15012
20251109,1830,110711,100888
20251109,1830,467,1854
20251109,2000,472,456
20251110,2030,110839,114554
20251114,2030,1854,114554
20251115,1400,1894,100888
20251115,1615,100852,110711
20251115,1830,110069,10846
20251115,2100,1867,242
20251116,1400,15012,573
20251116,1615,456,110832
20251116,1830,459,467
20251116,1830,462,472
20251116,2100,1861,1968
20251117,2030,244,110839
20251121,2030,1968,15012
20251122,1400,10846,456
20251122,1615,100888,1861
20251122,1830,114554,100852
20251122,2100,110832,1867
20251123,1400,573,110069
20251123,1615,242,1894
20251123,1830,110711,462
20251123,1830,467,244
20251123,2000,472,1854
20251124,2030,110839,459
20251128,2030,1854,242
20251129,1400,1894,10846
20251129,1615,100852,472
20251129,1830,110069,110711
20251129,2100,1867,1968
20251130,1400,15012,110832
20251130,1615,456,467
20251130,1830,459,114554
20251130,1830,462,573
20251130,2100,1861,110839
20251201,2030,244,100888
20251205,1930,472,110069
20251206,1400,10846,1854
20251206,1615,100888,1867
20251206,1830,114554,1861
20251206,2100,110832,1894
20251207,1400,573,244
20251207,1615,242,100852
20251207,1830,110711,459
20251207,1830,467,15012
20251207,2100,110839,462
20251208,2030,1968,456
20251212,2030,244,1968
20251213,1400,1894,472
20251213,1615,1854,573
20251213,1830,1867,467
20251213,2100,15012,110839
20251214,1400,456,100888
20251214,1615,242,110711
20251214,1830,459,110832
20251214,1830,462,114554
20251214,2100,1861,10846
20251215,2030,100852,110069
20251219,1930,472,15012
20251220,1400,10846,244
20251220,1615,1968,100852
20251220,1830,110069,1867
20251220,2100,114554,242
20251221,1400,110832,1854
20251221,1615,573,1861
20251221,1830,110711,1894
20251221,1830,467,462
20251221,2100,110839,456
20251222,2030,100888,459
20260102,2030,100852,110839
20260103,1400,1894,114554
20260103,1615,1854,100888
20260103,1830,1867,10846
20260103,2100,15012,110711
20260104,1400,242,1968
20260104,1615,459,573
20260104,1830,462,456
20260104,1830,244,472
20260104,2100,1861,110832
20260105,2030,467,110069
20260109,2030,100888,462
20260110,1400,1968,459
20260110,1615,110069,1861
20260110,1830,114554,15012
20260110,2000,472,242
20260111,1400,110832,100852
20260111,1615,573,1894
20260111,1830,456,244
20260111,1830,110711,1854
20260111,2100,110839,1867
20260112,2030,10846,467
20260116,2030,100852,100888
20260117,1400,1854,1968
20260117,1615,10846,110839
20260117,1830,110069,114554
20260117,2100,1861,242
20260118,1400,1867,573
20260118,1615,15012,459
20260118,1830,110832,467
20260118,1830,456,472
20260118,2100,244,110711
20260119,2030,1894,462
20260123,2030,100888,110711
20260124,1400,1968,110832
20260124,1615,114554,110839
20260124,1830,573,10846
20260124,2000,472,1867
20260125,1400,242,456
20260125,1615,459,110069
20260125,1830,462,1854
20260125,1830,244,100852
20260125,2100,467,1861
20260126,2030,1894,15012
20260130,2030,110069,573
20260131,1400,1854,244
20260131,1615,10846,100888
20260131,1830,15012,242
20260131,2100,1861,1894
20260201,1400,1867,462
20260201,1615,110832,456
20260201,1830,110711,472
20260201,1830,467,459
20260201,2100,110839,1968
20260202,2030,100852,114554
20260206,2030,114554,110711
20260207,1400,1968,1861
20260207,1615,100888,110832
20260207,1830,573,15012
20260207,2100,456,110069
20260208,1400,1894,1867
20260208,1615,242,1854
20260208,1830,459,110839
20260208,1830,244,467
20260208,2000,472,10846
20260209,2030,462,100852
20260213,2030,110069,472
20260214,1400,10846,1968
20260214,1615,100852,242
20260214,1830,15012,244
20260214,2100,1861,114554
20260215,1400,1867,100888
20260215,1615,110832,462
20260215,1830,110711,573
20260215,1830,467,456
20260215,2100,110839,1894
20260216,2030,1854,459
20260220,2030,114554,244
20260221,1400,573,1854
20260221,1615,242,467
20260221,1830,459,462
20260221,2000,472,100852
20260222,1400,1894,110832
20260222,1615,100888,15012
20260222,1830,456,10846
20260222,1830,110839,110069
20260222,2100,1861,1867
20260223,2030,1968,110711
20260227,2030,462,110839
20260228,1400,1854,1861
20260228,1615,100852,456
20260228,1830,15012,472
20260228,2100,110832,573
20260301,1400,110069,1894
20260301,1615,110711,242
20260301,1830,459,100888
20260301,1830,244,10846
20260301,2100,467,1968
20260302,2030,1867,114554
20260306,2030,114554,459
20260307,1400,1968,244
20260307,1615,100888,467
20260307,1830,242,110832
20260307,2100,1861,15012
20260308,1400,10846,110069
20260308,1615,456,1867
20260308,1830,110711,100852
20260308,1830,110839,1854
20260308,2000,472,1894
20260309,2030,573,462
20260313,2030,1867,110711
20260314,1400,1854,472
20260314,1615,15012,456
20260314,1830,110832,114554
20260314,2100,573,110839
20260315,1400,1894,242
20260315,1615,110069,1968
20260315,1830,459,100852
20260315,1830,462,100888
20260315,2100,244,1861
20260316,2030,467,10846
20260320,2030,110069,462
20260321,1400,1968,573
20260321,1615,114554,467
20260321,1830,456,1854
20260321,2000,472,459
20260322,1400,10846,1867
20260322,1615,100852,15012
20260322,1830,100888,1894
20260322,1830,242,244
20260322,2100,110839,1861
20260323,2030,110711,110832
20260327,2030,459,242
20260328,1400,110832,110839
20260328,1615,244,456
20260328,1830,467,472
20260328,2100,1861,110711
20260329,1400,1894,1968
20260329,1615,1854,100852
20260329,1830,1867,110069
20260329,1830,573,100888
20260329,2100,462,10846
20260329,1400,15012,114554
20260401,2015,456,459
20260401,1900,114554,573
20260401,1900,110711,467
20260401,1900,100852,1861
20260401,1800,472,110832
20260401,2015,242,1867
20260402,2015,462,1968
20260402,1900,110839,15012
20260402,1900,10846,1894
20260402,2015,100888,244
20260402,1900,110069,1854
20260404,1400,15012,462
20260404,1400,114554,456
20260404,1615,459,110711
20260404,1830,467,1894
20260404,2000,472,110839
20260405,1400,1854,10846
20260405,1615,1968,1867
20260405,1830,100852,110832
20260405,1830,244,110069
20260405,2100,1861,100888
20260406,2030,242,573
20260410,2030,1867,244
20260411,1400,10846,459
20260411,1615,573,472
20260411,1830,456,1861
20260411,2100,462,467
20260412,1400,1968,114554
20260412,1615,100888,1854
20260412,1830,110069,100852
20260412,1830,110832,15012
20260412,2100,110839,242
20260413,2030,1894,110711
20260417,2030,1861,573
20260418,1400,1854,110832
20260418,1615,114554,462
20260418,1830,110711,456
20260418,2100,467,110839
20260419,1400,100852,10846
20260419,1615,15012,1867
20260419,1830,459,1968
20260419,1830,244,1894
20260419,2000,472,100888
20260420,2030,242,110069
20260424,2030,1867,459
20260425,1400,1854,467
20260425,1615,10846,242
20260425,1830,462,110711
20260425,2100,110839,244
20260426,1400,1968,472
20260426,1615,100888,114554
20260426,1830,110069,15012
20260426,1830,110832,1861
20260426,2100,573,100852
20260427,2030,1894,456
20260501,2030,242,100888
20260502,1400,456,110839
20260502,1615,110711,10846
20260502,1830,467,573
20260502,2000,472,462
20260503,1400,100852,1867
20260503,1615,15012,1968
20260503,1830,114554,1854
20260503,1830,459,1894
20260503,2100,1861,110069
20260504,2030,244,110832
20260508,2030,1867,110832
20260509,1400,1968,242
20260509,1615,573,459
20260509,1830,462,244
20260509,2100,110839,110711
20260510,1400,1894,100852
20260510,1615,1854,15012
20260510,1830,10846,1861
20260510,1830,100888,456
20260510,2100,114554,472
20260511,2030,110069,467
20260515,2030,1894,573
20260516,1400,15012,467
20260516,1615,456,462
20260516,1830,244,459
20260516,2100,1861,472
20260517,1400,100852,1968
20260517,1615,100888,110839
20260517,1830,1867,1854
20260517,1830,242,114554
20260517,2100,110711,110069
20260518,2030,110832,10846
20260524,1830,1854,110711
20260524,1830,1968,100888
20260524,1830,110069,110832
20260524,1830,15012,10846
20260524,1830,114554,1894
20260524,1830,573,456
20260524,1830,459,1861
20260524,1830,462,242
20260524,1830,467,1867
20260524,1830,110839,100852
20260524,1730,472,244
20260531,1830,1894,1854
20260531,1830,10846,114554
20260531,1830,100852,467
20260531,1830,100888,110069
20260531,1830,1867,110839
20260531,1830,110832,459
20260531,1830,456,1968
20260531,1830,242,472
20260531,1830,110711,15012
20260531,1830,244,573
20260531,1830,1861,462
