Date,Local Time,Home Team Id,Away Team Id
20250808,2130,110776,325
20250809,2130,741,111339
20250809,2130,326,113142
20250809,1900,748,101025
20250810,1900,101037,101026
20250810,1900,121174,101033
20250810,2130,111117,101014
20250810,2130,101020,327
20250811,2130,436,101032
20250815,2130,325,111117
20250816,2130,113142,101037
20250816,2130,101026,326
20250816,1900,101032,748
20250817,2130,327,121174
20250817,1900,101025,741
20250817,2130,101014,101020
20250817,1900,101033,110776
20250818,2130,111339,436
20250822,2130,326,101032
20250823,1900,101037,101014
20250823,1900,121174,113142
20250823,1900,111117,101026
20250824,1900,110776,101025
20250824,2130,101020,325
20250824,2130,101033,327
20250824,1900,748,111339
20250825,2130,436,741
20250829,2130,325,101037
20250830,1900,741,111117
20250830,2130,101025,326
20250830,1900,101032,101020
20250831,2145,113142,327
20250831,1900,101026,101033
20250831,1900,101014,121174
20250831,1900,111339,110776
20250901,2000,436,748
20250912,2000,327,101014
20250913,1600,101037,101025
20250913,1900,121174,325
20250913,1330,111117,111339
20250914,2045,326,436
20250914,1900,110776,101032
20250914,1330,101020,101026
20250914,1600,748,741
20250915,2000,101033,113142
20250919,2000,436,110776
20250920,1600,741,101020
20250920,1330,101025,121174
20250920,1900,101026,327
20250921,1600,101014,113142
20250921,1900,111339,326
20250921,1600,748,111117
20250922,2000,325,101033
20250921,1330,101032,101037
20250926,2000,111117,436
20250927,1900,101037,111339
20250927,1900,113142,325
20250927,2045,326,741
20250928,1600,101033,101014
20250928,1900,327,101032
20250928,1330,110776,748
20250928,2045,101020,101025
20250929,2000,121174,101026
20251003,2000,741,101037
20251004,1330,111117,110776
20251004,1600,101026,101014
20251004,1900,436,101020
20251005,1900,325,327
20251005,1600,111339,101033
20251005,1600,101032,121174
20251005,1330,101025,113142
20251006,2000,748,326
20251017,2000,326,111117
20251018,1330,101037,436
20251018,1600,113142,101026
20251018,1900,101014,325
20251019,2045,327,101025
20251019,1600,110776,741
20251019,1330,101033,101032
20251019,1900,101020,748
20251020,2000,121174,111339
20251024,2000,436,121174
20251025,1600,111117,101020
20251025,1900,110776,326
20251025,2045,111339,327
20251026,1900,325,101026
20251026,1330,101025,101033
20251026,1600,741,101014
20251026,1600,748,101037
20251027,2000,101032,113142
20251031,2000,113142,110776
20251101,1600,121174,741
20251101,1330,101014,101032
20251101,1900,325,436
20251102,1900,327,326
20251102,1900,101037,111117
20251102,1600,101033,748
20251102,2045,101020,111339
20251103,2000,101026,101025
20251107,2000,436,113142
20251108,2045,326,101020
20251108,1900,110776,101037
20251108,1900,101032,325
20251109,2045,741,327
20251109,1330,111117,101033
20251109,1900,111339,101026
20251109,1900,748,121174
20251110,2000,101025,101014
20251121,2000,325,101025
20251122,1900,101037,326
20251122,1600,101014,436
20251122,1330,101020,110776
20251123,1600,121174,111117
20251123,1600,113142,111339
20251123,1900,101026,101032
20251123,2045,327,748
20251124,2000,101033,741
20251128,2000,741,101026
20251129,1900,111339,101014
20251129,1330,110776,121174
20251129,1600,436,101033
20251130,1600,101037,101020
20251130,1330,101032,101025
20251130,1900,326,325
20251130,1600,748,113142
20251201,2000,111117,327
20251205,2000,101014,326
20251206,1900,325,748
20251206,1600,101033,101037
20251206,1330,101032,111339
20251207,1600,113142,741
20251207,1330,101025,111117
20251207,1900,101026,436
20251207,2045,327,110776
20251208,2000,121174,101020
20251212,2000,326,101033
20251213,1900,741,325
20251213,1600,110776,101026
20251213,1900,748,101014
20251214,1330,101037,121174
20251214,1600,111339,101025
20251214,2045,101020,113142
20251214,1900,436,327
20251215,2000,111117,101032
20251219,2000,327,101037
20251220,1900,325,111339
20251220,1600,101025,436
20251220,1330,101033,101020
20251221,1600,113142,111117
20251221,1900,121174,326
20251221,1300,101014,110776
20251221,1600,101026,748
20251222,2000,101032,741
20260116,2000,113142,326
20260117,1900,325,110776
20260117,1600,101025,748
20260117,1600,101033,121174
20260118,1600,101026,101037
20260118,1330,101014,111117
20260118,1900,327,101020
20260118,2045,101032,436
20260119,2000,111339,741
20260123,2000,326,101026
20260124,1600,741,101025
20260124,1900,101037,113142
20260124,1900,111117,325
20260125,1900,110776,101033
20260125,1330,101020,101014
20260125,1600,748,101032
20260125,2045,436,111339
20260126,2000,121174,327
20260130,2000,327,101033
20260131,1600,741,436
20260131,1330,113142,121174
20260131,1900,325,101020
20260201,1900,101025,110776
20260201,2045,101026,111117
20260201,1330,101014,101037
20260201,1600,111339,748
20260202,2000,101032,326
20260206,2000,327,113142
20260207,1330,121174,101014
20260207,1600,111117,741
20260207,1900,326,101025
20260208,1600,110776,111339
20260208,1900,101020,101032
20260208,2045,101033,101026
20260208,1330,748,436
20260209,2000,101037,325
20260213,2000,325,121174
20260214,1330,741,748
20260214,1600,113142,101033
20260214,1900,101025,101037
20260215,1330,101026,101020
20260215,1600,111339,111117
20260215,2045,101032,110776
20260215,1900,436,326
20260216,2000,101014,327
20260220,2000,327,101026
20260221,1900,101037,101032
20260221,1330,113142,101014
20260221,1900,326,111339
20260222,1600,121174,101025
20260222,1330,111117,748
20260222,1600,110776,436
20260222,1900,101033,325
20260223,2000,101020,741
20260227,2000,325,113142
20260228,1900,741,326
20260228,1600,101025,101020
20260228,1900,101026,121174
20260301,1330,101014,101033
20260301,1600,111339,101037
20260301,2045,101032,327
20260301,1900,748,110776
20260302,2000,436,111117
20260306,2000,326,748
20260307,1330,101037,741
20260307,1600,113142,101025
20260307,1900,121174,101032
20260308,1900,327,325
20260308,1600,110776,111117
20260308,1330,101014,101026
20260308,2045,101020,436
20260309,2000,101033,111339
20260313,2000,325,101014
20260314,1900,741,110776
20260314,1900,111117,326
20260314,1600,101025,327
20260315,1600,101026,113142
20260315,1330,111339,121174
20260315,1900,436,101037
20260315,1600,748,101020
20260316,2000,101032,101033
20260320,2000,327,111339
20260321,1330,101037,748
20260321,1900,113142,101032
20260321,1900,326,110776
20260322,1600,121174,436
20260322,1900,101026,325
20260322,1600,101014,741
20260322,1330,101020,111117
20260323,2000,101033,101025
20260403,2000,111117,101037
20260404,1330,741,121174
20260404,1600,110776,113142
20260404,1900,101025,101026
20260405,1900,326,327
20260405,1600,111339,101020
20260405,1330,101032,101014
20260405,2045,436,325
20260406,2000,748,101033
20260410,2000,327,741
20260411,1600,101037,110776
20260411,1900,113142,436
20260411,1900,325,101032
20260412,1330,121174,748
20260412,2045,101026,111339
20260412,1600,101014,101025
20260412,1900,101020,326
20260413,2000,101033,111117
20260417,2000,326,101037
20260418,1330,741,101033
20260418,1600,111117,121174
20260418,1900,110776,101020
20260419,1600,101025,325
20260419,1600,111339,113142
20260419,1330,101032,101026
20260419,1900,748,327
20260420,2000,436,101014
20260424,2000,327,111117
20260425,1330,113142,748
20260425,1600,121174,110776
20260425,1900,101025,101032
20260426,1900,325,326
20260426,1600,101026,741
20260426,1330,101014,111339
20260426,2045,101020,101037
20260427,2000,101033,436
20260501,2000,326,101014
20260502,1330,741,113142
20260502,1600,101037,101033
20260502,1900,111117,101025
20260503,1600,110776,327
20260503,1330,111339,101032
20260503,1600,101020,121174
20260503,1900,748,325
20260504,2000,436,101026
20260510,1900,325,741
20260510,1900,113142,101020
20260510,1900,121174,101037
20260510,1900,101025,111339
20260510,1900,327,436
20260510,1900,101026,110776
20260510,1900,101014,748
20260510,1900,101032,111117
20260510,1900,101033,326
20260517,1900,326,121174
20260517,1900,741,101032
20260517,1900,101037,327
20260517,1900,111117,113142
20260517,1900,110776,101014
20260517,1900,111339,325
20260517,1900,101020,101033
20260517,1900,748,101026
20260518,1900,436,101025
